2.015 1 NAVIGATION 0 2 0. 0. 0. 0. 0 0
2.031 1 GPS 0 0 0 0 0 0 0 0 0 0 1
2.059 1 DOWNLINK_STATUS 2 4695 208 1 563. 26. 0.
2.124 1 ATTITUDE -0.038531 -2.183138 -0.141104
2.125 1 STATE_FILTER_STATUS 3 0
2.220 1 ESTIMATOR 0. 0.
2.259 1 NAVIGATION 0 2 0. 0. 0. 0. 0 0
2.279 1 GPS 0 0 0 0 0 0 0 0 0 0 1
2.323 1 WP_MOVED 9 360313.8125 4813652. 0. 31
2.421 1 GPS_SOL 0 0 0 0
2.509 1 NAVIGATION 0 2 0. 0. 0. 0. 0 0
2.534 1 GPS 0 0 0 0 0 0 0 0 0 0 1
2.538 1 NAVIGATION 0 2 0. 0. 0. 0. 0 0
2.626 1 ATTITUDE -0.038421 -2.160118 -0.141171
2.630 1 BAT 0 0 0 0 1 436 0 0
2.678 1 DESIRED 0. 0. 0. 0. 0. 50. 0.
2.725 1 ESTIMATOR 0. 0.
2.728 1 IMU_GYRO 0.00415 0.02002 -0.032959
2.760 1 NAVIGATION 0 2 0. 0. 0. 0. 0 0
2.777 1 GPS 0 0 0 0 0 0 0 0 0 0 1
2.824 1 WP_MOVED 10 360453.8125 4813581. 75. 31
2.826 1 DL_VALUE 5 0.
3.008 1 NAVIGATION 0 2 0. 0. 0. 0. 0 0
3.028 1 GPS 0 0 0 0 0 0 0 0 0 0 1
3.060 1 DOWNLINK_STATUS 3 5170 229 1 475. 21. 0.
3.123 1 ATTITUDE -0.038528 -2.136937 -0.141056
3.221 1 ESTIMATOR 0. 0.
3.260 1 NAVIGATION 0 2 0. 0. 0. 0. 0 0
3.279 1 GPS 0 0 0 0 0 0 0 0 0 0 1
3.327 1 WP_MOVED 11 360170.5 4813757.5 75. 31
3.329 1 CALIBRATION 0. 0
3.509 1 NAVIGATION 0 2 0. 0. 0. 0. 0 0
3.534 1 GPS 0 0 0 0 0 0 0 0 0 0 1
3.539 1 NAVIGATION 0 2 0. 0. 0. 0. 0 0
3.622 1 ATTITUDE -0.038476 -2.113894 -0.141063
3.732 1 ESTIMATOR 0. 0.
3.738 1 DESIRED 0. 0. 0. 0. 0. 50. 0.
3.742 1 BAT 0 0 0 0 1 437 0 0
3.759 1 NAVIGATION 0 2 0. 0. 0. 0. 0 0
3.779 1 GPS 0 0 0 0 0 0 0 0 0 0 1
3.828 1 WP_MOVED 0 360327. 4813637. 75. 31
3.831 1 IMU_GYRO 0.006348 0.019043 -0.033936
4.009 1 FBW_STATUS 2 0 1 0 0
4.013 1 NAVIGATION 0 2 0. 0. 0. 0. 0 0
4.028 1 GPS 0 0 0 0 0 0 0 0 0 0 1
4.061 1 DOWNLINK_STATUS 4 5633 249 1 463. 20. 0.
4.123 1 ATTITUDE -0.038496 -2.090911 -0.1411
4.225 1 ESTIMATOR 0. 0.
4.229 1 ENERGY 0. 0. 0 0.
4.259 1 NAVIGATION 0 2 0. 0. 0. 0. 0 0
4.280 1 GPS 0 0 0 0 0 0 0 0 0 0 1
4.326 1 WP_MOVED 1 360285. 4813595. 75. 31
4.328 1 DL_VALUE 6 100.
4.421 1 GPS_SOL 0 0 0 0
4.509 1 NAVIGATION 0 2 0. 0. 0. 0. 0 0
4.533 1 GPS 0 0 0 0 0 0 0 0 0 0 1
4.537 1 NAVIGATION 0 2 0. 0. 0. 0. 0 0
4.623 1 ATTITUDE -0.038577 -2.067821 -0.141019
4.720 1 ESTIMATOR 0. 0.
4.758 1 NAVIGATION 0 2 0. 0. 0. 0. 0 0
4.786 1 GPS 0 0 0 0 0 0 0 0 0 0 1
4.792 1 DESIRED 0. 0. 0. 0. 0. 50. 0.
4.828 1 WP_MOVED 2 360334.5 4813695. 75. 31
4.832 1 BAT 0 0 0 0 1 438 0 0
4.921 1 IMU_GYRO 0.006348 0.014893 -0.032959
5.010 1 NAVIGATION 0 2 0. 0. 0. 0. 0 0
5.028 1 GPS 0 0 0 0 0 0 0 0 0 0 1
5.062 1 DOWNLINK_STATUS 5 6119 270 1 486. 21. 0.
5.122 1 ATTITUDE -0.038647 -2.044756 -0.141002
5.223 1 ESTIMATOR 0. 0.
5.260 1 NAVIGATION 0 2 0. 0. 0. 0. 0 0
5.279 1 GPS 0 0 0 0 0 0 0 0 0 0 1
5.324 1 WP_MOVED 3 360295.09375 4813785. 75. 31
5.420 1 CALIBRATION 0. 0
5.511 1 NAVIGATION 0 2 0. 0. 0. 0. 0 0
5.533 1 GPS 0 0 0 0 0 0 0 0 0 0 1
5.538 1 NAVIGATION 0 2 0. 0. 0. 0. 0 0
5.583 1 PONG 
5.622 1 ATTITUDE -0.038602 -2.021752 -0.140976
5.721 1 ESTIMATOR 0. 0.
5.760 1 NAVIGATION 0 2 0. 0. 0. 0. 0 0
5.778 1 GPS 0 0 0 0 0 0 0 0 0 0 1
5.834 1 WP_MOVED 4 360417.3125 4813734. 75. 31
5.840 1 DESIRED 0. 0. 0. 0. 0. 50. 0.
5.842 1 DL_VALUE 7 2.
5.844 1 DOWNLINK 0 491 9537
5.923 1 BAT 0 0 0 0 1 439 0 0
6.009 1 FBW_STATUS 2 0 1 0 0
6.013 1 NAVIGATION 0 2 0. 0. 0. 0. 0 0
6.032 1 GPS 0 0 0 0 0 0 0 0 0 0 1
6.035 1 IMU_GYRO 0.00415 0.028564 -0.032959
6.063 1 DOWNLINK_STATUS 6 6610 293 1 491. 23. 26.79
6.103 1 COMMANDS 0,284,2915,0
6.122 1 ATTITUDE -0.038655 -1.998702 -0.141031
6.205 1 ACTUATORS 0,1120,1631,1445,1514,1514
6.221 1 ESTIMATOR 0. 0.
6.258 1 NAVIGATION 0 2 0. 0. 0. 0. 0 0
6.278 1 GPS 0 0 0 0 0 0 0 0 0 0 1
6.323 1 WP_MOVED 5 360422. 4813583.5 75. 31
6.423 1 GPS_SOL 0 0 0 0
6.510 1 NAVIGATION 0 2 0. 0. 0. 0. 0 0
6.533 1 GPS 0 0 0 0 0 0 0 0 0 0 1
6.538 1 NAVIGATION 0 2 0. 0. 0. 0. 0 0
6.621 1 ATTITUDE -0.038678 -1.975756 -0.141162
6.726 1 ESTIMATOR 0. 0.
6.729 1 ENERGY 0. 0. 0 0.
6.759 1 NAVIGATION 0 2 0. 0. 0. 0. 0 0
6.777 1 GPS 0 0 0 0 0 0 0 0 0 0 1
6.828 1 WP_MOVED 6 360165.8125 4813664.5 75. 31
6.832 1 ALIVE 68,230,201,177,229,211,64,56,73,125,45,2,113,245,219,42
6.879 1 DESIRED 0. 0. 0. 0. 0. 50. 0.
6.918 1 PPRZ_MODE 2 0 0 0 0 6
7.010 1 NAVIGATION 0 2 0. 0. 0. 0. 0 0
7.032 1 GPS 0 0 0 0 0 0 0 0 0 0 1
7.036 1 BAT 0 0 0 0 1 441 0 0
7.064 1 DOWNLINK_STATUS 7 7136 316 1 526. 23. 26.79
7.127 1 ATTITUDE -0.038657 -1.95272 -0.141178
7.130 1 IMU_GYRO 0.006348 0.011475 -0.033936
7.132 1 STATE_FILTER_STATUS 3 0
7.220 1 ESTIMATOR 0. 0.
7.258 1 NAVIGATION 0 2 0. 0. 0. 0. 0 0
7.278 1 GPS 0 0 0 0 0 0 0 0 0 0 1
7.325 1 WP_MOVED 7 360559.40625 4813804.5 75. 31
7.327 1 DL_VALUE 8 0.
7.508 1 NAVIGATION 0 2 0. 0. 0. 0. 0 0
7.537 1 GPS 0 0 0 0 0 0 0 0 0 0 1
7.541 1 NAVIGATION 0 2 0. 0. 0. 0. 0 0
7.543 1 CALIBRATION 0. 0
7.622 1 ATTITUDE -0.038682 -1.929732 -0.141078
7.720 1 ESTIMATOR 0. 0.
7.759 1 NAVIGATION 0 2 0. 0. 0. 0. 0 0
7.777 1 GPS 0 0 0 0 0 0 0 0 0 0 1
7.824 1 WP_MOVED 8 360462.40625 4813640. 30. 31
7.928 1 DESIRED 0. 0. 0. 0. 0. 50. 0.
8.008 1 FBW_STATUS 2 0 1 0 0
8.013 1 NAVIGATION 0 2 0. 0. 0. 0. 0 0
8.029 1 GPS 0 0 0 0 0 0 0 0 0 0 1
8.065 1 DOWNLINK_STATUS 8 7599 337 1 463. 21. 26.79
8.126 1 ATTITUDE -0.038438 -1.906733 -0.141678
8.130 1 BAT 0 0 0 0 1 442 0 0
8.225 1 ESTIMATOR 0. 0.
8.228 1 IMU_GYRO 0. 0.041504 -0.030762
8.258 1 NAVIGATION 0 2 0. 0. 0. 0. 0 0
8.279 1 GPS 0 0 0 0 0 0 0 0 0 0 1
8.328 1 WP_MOVED 9 360313.8125 4813652. 0. 31
8.330 1 NAVIGATION_REF 360285 4813595 31
8.423 1 GPS_SOL 0 0 0 0
8.510 1 NAVIGATION 0 2 0. 0. 0. 0. 0 0
8.535 1 GPS 0 0 0 0 0 0 0 0 0 0 1
8.540 1 NAVIGATION 0 2 0. 0. 0. 0. 0 0
8.622 1 ATTITUDE -0.038479 -1.883708 -0.141298
8.719 1 ESTIMATOR 0. 0.
8.760 1 NAVIGATION 0 2 0. 0. 0. 0. 0 0
8.779 1 GPS 0 0 0 0 0 0 0 0 0 0 1
8.825 1 WP_MOVED 10 360453.8125 4813581. 75. 31
8.827 1 DL_VALUE 9 1.
8.979 1 DESIRED 0. 0. 0. 0. 0. 50. 0.
9.010 1 NAVIGATION 0 2 0. 0. 0. 0. 0 0
9.028 1 GPS 0 0 0 0 0 0 0 0 0 0 1
9.066 1 DOWNLINK_STATUS 9 8080 358 1 481. 21. 26.79
9.122 1 ATTITUDE -0.038502 -1.860636 -0.141271
9.230 1 ESTIMATOR 0. 0.
9.233 1 BAT 0 0 0 0 1 443 0 0
9.237 1 ENERGY 0. 0. 0 0.
9.257 1 NAVIGATION 0 2 0. 0. 0. 0. 0 0
9.278 1 GPS 0 0 0 0 0 0 0 0 0 0 1
9.326 1 WP_MOVED 11 360170.5 4813757.5 75. 31
9.330 1 IMU_GYRO 0.006348 0.013672 -0.033936
9.509 1 NAVIGATION 0 2 0. 0. 0. 0. 0 0
9.535 1 GPS 0 0 0 0 0 0 0 0 0 0 1
9.540 1 NAVIGATION 0 2 0. 0. 0. 0. 0 0
9.625 1 ATTITUDE -0.038474 -1.837678 -0.141336
9.627 1 CALIBRATION 0. 0
9.720 1 ESTIMATOR 0. 0.
9.759 1 NAVIGATION 0 2 0. 0. 0. 0. 0 0
9.779 1 GPS 0 0 0 0 0 0 0 0 0 0 1
9.823 1 WP_MOVED 0 360327. 4813637. 75. 31
10.010 1 FBW_STATUS 2 0 1 0 0
10.015 1 NAVIGATION 0 2 0. 0. 0. 0. 0 0
10.034 1 GPS 0 0 0 0 0 0 0 0 0 0 1
10.040 1 DESIRED 0. 0. 0. 0. 0. 50. 0.
10.067 1 DOWNLINK_STATUS 10 8563 379 1 483. 21. 26.79
10.123 1 ATTITUDE -0.038585 -1.814646 -0.1413
10.222 1 ESTIMATOR 0. 0.
10.259 1 NAVIGATION 0 2 0. 0. 0. 0. 0 0
10.277 1 GPS 0 0 0 0 0 0 0 0 0 0 1
10.329 1 WP_MOVED 1 360285. 4813595. 75. 31
10.332 1 BAT 0 0 0 0 1 444 0 0
10.334 1 DL_VALUE 10 0.
10.426 1 IMU_GYRO 0.006348 0.010498 -0.033936
10.429 1 GPS_SOL 0 0 0 0
10.509 1 NAVIGATION 0 2 0. 0. 0. 0. 0 0
10.534 1 GPS 0 0 0 0 0 0 0 0 0 0 1
10.539 1 NAVIGATION 0 2 0. 0. 0. 0. 0 0
10.583 1 PONG 
10.622 1 ATTITUDE -0.038519 -1.791634 -0.141329
10.721 1 ESTIMATOR 0. 0.
10.758 1 NAVIGATION 0 2 0. 0. 0. 0. 0 0
10.777 1 GPS 0 0 0 0 0 0 0 0 0 0 1
10.821 1 WP_MOVED 2 360334.5 4813695. 75. 31
10.920 1 DOWNLINK 0 481 9647
11.008 1 NAVIGATION 0 2 0. 0. 0. 0. 0 0
11.030 1 GPS 0 0 0 0 0 0 0 0 0 0 1
11.068 1 DOWNLINK_STATUS 11 9012 400 1 449. 21. 25.81
11.079 1 DESIRED 0. 0. 0. 0. 0. 50. 0.
11.103 1 COMMANDS 0,283,2923,0
11.123 1 ATTITUDE -0.038509 -1.768127 -0.141309
11.204 1 ACTUATORS 0,1120,1632,1445,1514,1514
11.220 1 ESTIMATOR 0. 0.
11.259 1 NAVIGATION 0 2 0. 0. 0. 0. 0 0
11.277 1 GPS 0 0 0 0 0 0 0 0 0 0 1
11.323 1 WP_MOVED 3 360295.09375 4813785. 75. 31
11.423 1 BAT 0 0 0 0 1 445 0 0
11.509 1 NAVIGATION 0 2 0. 0. 0. 0. 0 0
11.538 1 GPS 0 0 0 0 0 0 0 0 0 0 1
11.542 1 NAVIGATION 0 2 0. 0. 0. 0. 0 0
11.546 1 IMU_GYRO 0.00415 0.016846 -0.033936
11.623 1 ATTITUDE -0.038443 -1.745129 -0.14131
11.727 1 ESTIMATOR 0. 0.
11.729 1 CALIBRATION 0. 0
11.732 1 ENERGY 0. 0. 0 0.
11.760 1 NAVIGATION 0 2 0. 0. 0. 0. 0 0
11.777 1 GPS 0 0 0 0 0 0 0 0 0 0 1
11.830 1 WP_MOVED 4 360417.3125 4813734. 75. 31
11.832 1 DL_VALUE 0 0.
11.836 1 ALIVE 68,230,201,177,229,211,64,56,73,125,45,2,113,245,219,42
11.921 1 PPRZ_MODE 2 0 0 0 0 6
12.013 1 NAVIGATION 0 2 0. 0. 0. 0. 0 0
12.015 1 FBW_STATUS 2 0 1 0 0
12.031 1 GPS 0 0 0 0 0 0 0 0 0 0 1
12.069 1 DOWNLINK_STATUS 12 9575 426 1 563. 26. 25.81
12.131 1 ATTITUDE -0.038409 -1.722083 -0.141336
12.137 1 DESIRED 0. 0. 0. 0. 0. 50. 0.
12.138 1 STATE_FILTER_STATUS 3 0
12.219 1 ESTIMATOR 0. 0.
12.226 1 WIND_INFO 1 42 0. 0. 0.
12.259 1 NAVIGATION 0 2 0. 0. 0. 0. 0 0
12.279 1 GPS 0 0 0 0 0 0 0 0 0 0 1
12.324 1 WP_MOVED 5 360422. 4813583.5 75. 31
12.422 1 GPS_SOL 0 0 0 0
12.509 1 NAVIGATION 0 2 0. 0. 0. 0. 0 0
12.537 1 GPS 0 0 0 0 0 0 0 0 0 0 1
12.542 1 NAVIGATION 0 2 0. 0. 0. 0. 0 0
12.545 1 BAT 0 0 0 0 1 446 0 0
12.625 1 ATTITUDE -0.038355 -1.699024 -0.141469
12.628 1 IMU_GYRO 0.006348 0.014893 -0.033936
12.722 1 ESTIMATOR 0. 0.
12.759 1 NAVIGATION 0 2 0. 0. 0. 0. 0 0
12.777 1 GPS 0 0 0 0 0 0 0 0 0 0 1
12.822 1 WP_MOVED 6 360165.8125 4813664.5 75. 31
13.009 1 NAVIGATION 0 2 0. 0. 0. 0. 0 0
13.029 1 GPS 0 0 0 0 0 0 0 0 0 0 1
13.070 1 DOWNLINK_STATUS 13 10039 446 1 464. 20. 25.81
13.123 1 ATTITUDE -0.038248 -1.676085 -0.141332
13.178 1 DESIRED 0. 0. 0. 0. 0. 50. 0.
13.221 1 ESTIMATOR 0. 0.
13.259 1 NAVIGATION 0 2 0. 0. 0. 0. 0 0
13.279 1 GPS 0 0 0 0 0 0 0 0 0 0 1
13.326 1 WP_MOVED 7 360559.40625 4813804.5 75. 31
13.328 1 DL_VALUE 1 0.
13.510 1 NAVIGATION 0 2 0. 0. 0. 0. 0 0
13.533 1 GPS 0 0 0 0 0 0 0 0 0 0 1
13.537 1 NAVIGATION 0 2 0. 0. 0. 0. 0 0
13.627 1 ATTITUDE -0.038181 -1.653066 -0.141195
13.630 1 BAT 0 0 0 0 1 447 0 0
13.725 1 ESTIMATOR 0. 0.
13.728 1 IMU_GYRO 0.006348 0.018066 -0.032959
13.760 1 NAVIGATION 0 2 0. 0. 0. 0. 0 0
13.778 1 GPS 0 0 0 0 0 0 0 0 0 0 1
13.826 1 WP_MOVED 8 360462.40625 4813640. 30. 31
13.828 1 CALIBRATION 0. 0
14.009 1 FBW_STATUS 2 0 1 0 0
14.013 1 NAVIGATION 0 2 0. 0. 0. 0. 0 0
14.030 1 GPS 0 0 0 0 0 0 0 0 0 0 1
14.070 1 DOWNLINK_STATUS 14 10513 467 1 474. 21. 25.81
14.123 1 ATTITUDE -0.038264 -1.630055 -0.141304
14.232 1 ESTIMATOR 0. 0.
14.238 1 DESIRED 0. 0. 0. 0. 0. 50. 0.
14.242 1 ENERGY 0. 0. 0 0.
14.258 1 NAVIGATION 0 2 0. 0. 0. 0. 0 0
14.278 1 GPS 0 0 0 0 0 0 0 0 0 0 1
14.323 1 WP_MOVED 9 360313.8125 4813652. 0. 31
14.421 1 GPS_SOL 0 0 0 0
14.509 1 NAVIGATION 0 2 0. 0. 0. 0. 0 0
14.532 1 GPS 0 0 0 0 0 0 0 0 0 0 1
14.537 1 NAVIGATION 0 2 0. 0. 0. 0. 0 0
14.621 1 ATTITUDE -0.038301 -1.607077 -0.141423
14.723 1 ESTIMATOR 0. 0.
14.727 1 BAT 0 0 0 0 1 448 0 0
14.759 1 NAVIGATION 0 2 0. 0. 0. 0. 0 0
14.779 1 GPS 0 0 0 0 0 0 0 0 0 0 1
14.830 1 WP_MOVED 10 360453.8125 4813581. 75. 31
14.833 1 IMU_GYRO 0.006348 0.016846 -0.033936
14.835 1 DL_VALUE 2 50.
15.008 1 NAVIGATION 0 2 0. 0. 0. 0. 0 0
15.029 1 GPS 0 0 0 0 0 0 0 0 0 0 1
15.071 1 DOWNLINK_STATUS 15 10999 488 1 486. 21. 25.81
15.120 1 ATTITUDE -0.03837 -1.584038 -0.14132
15.221 1 ESTIMATOR 0. 0.
15.258 1 NAVIGATION 0 2 0. 0. 0. 0. 0 0
15.285 1 GPS 0 0 0 0 0 0 0 0 0 0 1
15.290 1 DESIRED 0. 0. 0. 0. 0. 50. 0.
15.322 1 WP_MOVED 11 360170.5 4813757.5 75. 31
15.509 1 NAVIGATION 0 2 0. 0. 0. 0. 0 0
15.534 1 GPS 0 0 0 0 0 0 0 0 0 0 1
15.540 1 NAVIGATION 0 2 0. 0. 0. 0. 0 0
15.583 1 PONG 
15.622 1 ATTITUDE -0.038369 -1.56104 -0.141389
15.720 1 ESTIMATOR 0. 0.
15.757 1 NAVIGATION 0 2 0. 0. 0. 0. 0 0
15.779 1 GPS 0 0 0 0 0 0 0 0 0 0 1
15.828 1 WP_MOVED 0 360327. 4813637. 75. 31
15.831 1 BAT 0 0 0 0 1 449 0 0
15.924 1 IMU_GYRO 0.006348 0.013672 -0.033936
15.926 1 CALIBRATION 0. 0
16.011 1 NAVIGATION 0 2 0. 0. 0. 0. 0 0
16.014 1 FBW_STATUS 2 0 1 0 0
16.030 1 GPS 0 0 0 0 0 0 0 0 0 0 1
16.032 1 DOWNLINK 0 495 9759
16.072 1 DOWNLINK_STATUS 16 11479 510 1 480. 22. 25.11
16.104 1 COMMANDS 0,282,2923,0
16.121 1 ATTITUDE -0.038403 -1.537986 -0.141344
16.207 1 ACTUATORS 0,1120,1632,1445,1514,1514
16.223 1 ESTIMATOR 0. 0.
16.259 1 NAVIGATION 0 2 0. 0. 0. 0. 0 0
16.277 1 GPS 0 0 0 0 0 0 0 0 0 0 1
16.332 1 WP_MOVED 1 360285. 4813595. 75. 31
16.338 1 DESIRED 0. 0. 0. 0. 0. 50. 0.
16.339 1 DL_VALUE 3 0.
16.422 1 GPS_SOL 0 0 0 0
16.510 1 NAVIGATION 0 2 0. 0. 0. 0. 0 0
16.534 1 GPS 0 0 0 0 0 0 0 0 0 0 1
16.538 1 NAVIGATION 0 2 0. 0. 0. 0. 0 0
16.621 1 ATTITUDE -0.038307 -1.514919 -0.141314
16.725 1 ESTIMATOR 0. 0.
16.728 1 ENERGY 0. 0. 0 0.
16.758 1 NAVIGATION 0 2 0. 0. 0. 0. 0 0
16.779 1 GPS 0 0 0 0 0 0 0 0 0 0 1
16.828 1 WP_MOVED 2 360334.5 4813695. 75. 31
16.832 1 ALIVE 68,230,201,177,229,211,64,56,73,125,45,2,113,245,219,42
16.924 1 BAT 0 0 0 0 1 450 0 0
16.926 1 PPRZ_MODE 2 0 0 0 0 6
17.009 1 NAVIGATION 0 2 0. 0. 0. 0. 0 0
17.032 1 GPS 0 0 0 0 0 0 0 0 0 0 1
17.035 1 IMU_GYRO 0.006348 0.011475 -0.033936
17.073 1 DOWNLINK_STATUS 17 12034 535 1 555. 25. 25.11
17.123 1 ATTITUDE -0.038355 -1.491973 -0.141451
17.124 1 STATE_FILTER_STATUS 3 0
17.220 1 ESTIMATOR 0. 0.
17.257 1 NAVIGATION 0 2 0. 0. 0. 0. 0 0
17.277 1 GPS 0 0 0 0 0 0 0 0 0 0 1
17.325 1 WP_MOVED 3 360295.09375 4813785. 75. 31
17.328 1 NAVIGATION_REF 360285 4813595 31
17.378 1 DESIRED 0. 0. 0. 0. 0. 50. 0.
17.508 1 NAVIGATION 0 2 0. 0. 0. 0. 0 0
17.533 1 GPS 0 0 0 0 0 0 0 0 0 0 1
17.538 1 NAVIGATION 0 2 0. 0. 0. 0. 0 0
17.621 1 ATTITUDE -0.038431 -1.468896 -0.141289
17.721 1 ESTIMATOR 0. 0.
17.758 1 NAVIGATION 0 2 0. 0. 0. 0. 0 0
17.778 1 GPS 0 0 0 0 0 0 0 0 0 0 1
17.824 1 WP_MOVED 4 360417.3125 4813734. 75. 31
17.826 1 DL_VALUE 4 0.
18.010 1 FBW_STATUS 2 0 1 0 0
18.014 1 NAVIGATION 0 2 0. 0. 0. 0. 0 0
18.035 1 GPS 0 0 0 0 0 0 0 0 0 0 1
18.039 1 BAT 0 0 0 0 1 452 0 0
18.041 1 CALIBRATION 0. 0
18.074 1 DOWNLINK_STATUS 18 12514 557 1 480. 22. 25.11
18.126 1 ATTITUDE -0.038355 -1.445875 -0.141208
18.129 1 IMU_GYRO 0.006348 0.015869 -0.032959
18.221 1 ESTIMATOR 0. 0.
18.258 1 NAVIGATION 0 2 0. 0. 0. 0. 0 0
18.279 1 GPS 0 0 0 0 0 0 0 0 0 0 1
18.324 1 WP_MOVED 5 360422. 4813583.5 75. 31
18.432 1 DESIRED 0. 0. 0. 0. 0. 50. 0.
18.435 1 GPS_SOL 0 0 0 0
18.510 1 NAVIGATION 0 2 0. 0. 0. 0. 0 0
18.533 1 GPS 0 0 0 0 0 0 0 0 0 0 1
18.538 1 NAVIGATION 0 2 0. 0. 0. 0. 0 0
18.620 1 ATTITUDE -0.038335 -1.422925 -0.14111
18.720 1 ESTIMATOR 0. 0.
18.759 1 NAVIGATION 0 2 0. 0. 0. 0. 0 0
18.777 1 GPS 0 0 0 0 0 0 0 0 0 0 1
18.823 1 WP_MOVED 6 360165.8125 4813664.5 75. 31
19.009 1 NAVIGATION 0 2 0. 0. 0. 0. 0 0
19.028 1 GPS 0 0 0 0 0 0 0 0 0 0 1
19.075 1 DOWNLINK_STATUS 19 12949 575 1 435. 18. 25.11
19.124 1 ATTITUDE -0.038277 -1.399904 -0.141254
19.128 1 BAT 0 0 0 0 1 453 0 0
19.228 1 ESTIMATOR 0. 0.
19.231 1 IMU_GYRO 0.001953 0.037109 -0.031738
19.234 1 ENERGY 0. 0. 0 0.
19.258 1 NAVIGATION 0 2 0. 0. 0. 0. 0 0
19.277 1 GPS 0 0 0 0 0 0 0 0 0 0 1
19.324 1 WP_MOVED 7 360559.40625 4813804.5 75. 31
19.326 1 DL_VALUE 5 0.
19.477 1 DESIRED 0. 0. 0. 0. 0. 50. 0.
19.508 1 NAVIGATION 0 2 0. 0. 0. 0. 0 0
19.535 1 GPS 0 0 0 0 0 0 0 0 0 0 1
19.537 1 NAVIGATION 0 2 0. 0. 0. 0. 0 0
19.622 1 ATTITUDE -0.038362 -1.376947 -0.141217
19.719 1 ESTIMATOR 0. 0.
19.757 1 NAVIGATION 0 2 0. 0. 0. 0. 0 0
19.777 1 GPS 0 0 0 0 0 0 0 0 0 0 1
19.822 1 WP_MOVED 8 360462.40625 4813640. 30. 31
20.008 1 FBW_STATUS 2 0 1 0 0
20.013 1 NAVIGATION 0 2 0. 0. 0. 0. 0 0
20.029 1 GPS 0 0 0 0 0 0 0 0 0 0 1
20.076 1 DOWNLINK_STATUS 20 13432 596 1 483. 21. 25.11
20.124 1 ATTITUDE -0.038537 -1.353907 -0.141052
20.126 1 CALIBRATION 0. 0
20.225 1 ESTIMATOR 0. 0.
20.228 1 BAT 0 0 0 0 1 454 0 0
20.258 1 NAVIGATION 0 2 0. 0. 0. 0. 0 0
20.277 1 GPS 0 0 0 0 0 0 0 0 0 0 1
20.326 1 WP_MOVED 9 360313.8125 4813652. 0. 31
20.329 1 IMU_GYRO 0.006348 0.014893 -0.033936
20.422 1 GPS_SOL 0 0 0 0
20.508 1 NAVIGATION 0 2 0. 0. 0. 0. 0 0
20.539 1 GPS 0 0 0 0 0 0 0 0 0 0 1
20.543 1 NAVIGATION 0 2 0. 0. 0. 0. 0 0
20.550 1 DESIRED 0. 0. 0. 0. 0. 50. 0.
20.585 1 PONG 
20.621 1 ATTITUDE -0.038521 -1.330921 -0.140855
20.721 1 ESTIMATOR 0. 0.
20.758 1 NAVIGATION 0 2 0. 0. 0. 0. 0 0
20.778 1 GPS 0 0 0 0 0 0 0 0 0 0 1
20.825 1 WP_MOVED 10 360453.8125 4813581. 75. 31
20.827 1 DL_VALUE 6 100.
21.009 1 NAVIGATION 0 2 0. 0. 0. 0. 0 0
21.026 1 GPS 0 0 0 0 0 0 0 0 0 0 1
21.077 1 DOWNLINK_STATUS 21 13915 618 1 483. 22. 26.77
21.102 1 COMMANDS 0,283,2916,0
21.125 1 ATTITUDE -0.03846 -1.307957 -0.14098
21.127 1 DOWNLINK 0 486 9870
21.204 1 ACTUATORS 0,1120,1631,1445,1514,1514
21.220 1 ESTIMATOR 0. 0.
21.259 1 NAVIGATION 0 2 0. 0. 0. 0. 0 0
21.279 1 GPS 0 0 0 0 0 0 0 0 0 0 1
21.327 1 WP_MOVED 11 360170.5 4813757.5 75. 31
21.331 1 BAT 0 0 0 0 1 455 0 0
21.421 1 IMU_GYRO 0.008301 0.001953 -0.034912
21.509 1 NAVIGATION 0 2 0. 0. 0. 0. 0 0
21.533 1 GPS 0 0 0 0 0 0 0 0 0 0 1
21.538 1 NAVIGATION 0 2 0. 0. 0. 0. 0 0
21.578 1 DESIRED 0. 0. 0. 0. 0. 50. 0.
21.621 1 ATTITUDE -0.038591 -1.284934 -0.140918
21.724 1 ESTIMATOR 0. 0.
21.728 1 ENERGY 0. 0. 0 0.
21.759 1 NAVIGATION 0 2 0. 0. 0. 0. 0 0
21.778 1 GPS 0 0 0 0 0 0 0 0 0 0 1
21.827 1 WP_MOVED 0 360327. 4813637. 75. 31
21.831 1 ALIVE 68,230,201,177,229,211,64,56,73,125,45,2,113,245,219,42
21.920 1 PPRZ_MODE 2 0 0 0 0 6
22.009 1 FBW_STATUS 2 0 1 0 0
22.014 1 NAVIGATION 0 2 0. 0. 0. 0. 0 0
22.029 1 GPS 0 0 0 0 0 0 0 0 0 0 1
22.078 1 DOWNLINK_STATUS 22 14467 643 1 552. 25. 26.77
22.123 1 ATTITUDE -0.038604 -1.261944 -0.14099
22.125 1 STATE_FILTER_STATUS 3 0
22.222 1 ESTIMATOR 0. 0.
22.224 1 CALIBRATION 0. 0
22.226 1 WIND_INFO 1 42 0. 0. 0.
22.259 1 NAVIGATION 0 2 0. 0. 0. 0. 0 0
22.278 1 GPS 0 0 0 0 0 0 0 0 0 0 1
22.324 1 WP_MOVED 1 360285. 4813595. 75. 31
22.326 1 DL_VALUE 7 2.
22.425 1 BAT 0 0 0 0 1 456 0 0
22.428 1 GPS_SOL 0 0 0 0
22.508 1 NAVIGATION 0 2 0. 0. 0. 0. 0 0
22.537 1 GPS 0 0 0 0 0 0 0 0 0 0 1
22.541 1 NAVIGATION 0 2 0. 0. 0. 0. 0 0
22.544 1 IMU_GYRO 0.006348 0.018066 -0.033936
22.629 1 ATTITUDE -0.038563 -1.238938 -0.141071
22.635 1 DESIRED 0. 0. 0. 0. 0. 50. 0.
22.718 1 ESTIMATOR 0. 0.
22.757 1 NAVIGATION 0 2 0. 0. 0. 0. 0 0
22.778 1 GPS 0 0 0 0 0 0 0 0 0 0 1
22.820 1 WP_MOVED 2 360334.5 4813695. 75. 31
23.008 1 NAVIGATION 0 2 0. 0. 0. 0. 0 0
23.026 1 GPS 0 0 0 0 0 0 0 0 0 0 1
23.079 1 DOWNLINK_STATUS 23 14953 665 1 486. 22. 26.77
23.122 1 ATTITUDE -0.038497 -1.2159 -0.141159
23.219 1 ESTIMATOR 0. 0.
23.258 1 NAVIGATION 0 2 0. 0. 0. 0. 0 0
23.277 1 GPS 0 0 0 0 0 0 0 0 0 0 1
23.320 1 WP_MOVED 3 360295.09375 4813785. 75. 31
23.509 1 NAVIGATION 0 2 0. 0. 0. 0. 0 0
23.538 1 GPS 0 0 0 0 0 0 0 0 0 0 1
23.542 1 NAVIGATION 0 2 0. 0. 0. 0. 0 0
23.545 1 BAT 0 0 0 0 1 457 0 0
23.624 1 ATTITUDE -0.038448 -1.192842 -0.141129
23.627 1 IMU_GYRO 0.00415 0.016846 -0.033936
23.677 1 DESIRED 0. 0. 0. 0. 0. 50. 0.
23.720 1 ESTIMATOR 0. 0.
23.758 1 NAVIGATION 0 2 0. 0. 0. 0. 0 0
23.776 1 GPS 0 0 0 0 0 0 0 0 0 0 1
23.824 1 WP_MOVED 4 360417.3125 4813734. 75. 31
23.826 1 DL_VALUE 8 0.
24.007 1 FBW_STATUS 2 0 1 0 0
24.012 1 NAVIGATION 0 2 0. 0. 0. 0. 0 0
24.027 1 GPS 0 0 0 0 0 0 0 0 0 0 1
24.080 1 DOWNLINK_STATUS 24 15416 685 1 463. 20. 26.77
24.120 1 ATTITUDE -0.038342 -1.169831 -0.141275
24.223 1 ESTIMATOR 0. 0.
24.227 1 ENERGY 0. 0. 0 0.
24.257 1 NAVIGATION 0 2 0. 0. 0. 0. 0 0
24.276 1 GPS 0 0 0 0 0 0 0 0 0 0 1
24.324 1 WP_MOVED 5 360422. 4813583.5 75. 31
24.326 1 CALIBRATION 0. 0
24.422 1 GPS_SOL 0 0 0 0
24.508 1 NAVIGATION 0 2 0. 0. 0. 0. 0 0
24.532 1 GPS 0 0 0 0 0 0 0 0 0 0 1
24.536 1 NAVIGATION 0 2 0. 0. 0. 0. 0 0
24.625 1 ATTITUDE -0.038443 -1.146816 -0.14122
24.629 1 BAT 0 0 0 0 1 458 0 0
24.732 1 ESTIMATOR 0. 0.
24.738 1 DESIRED 0. 0. 0. 0. 0. 50. 0.
24.741 1 IMU_GYRO 0.006348 0.019043 -0.033936
24.758 1 NAVIGATION 0 2 0. 0. 0. 0. 0 0
24.778 1 GPS 0 0 0 0 0 0 0 0 0 0 1
24.824 1 WP_MOVED 6 360165.8125 4813664.5 75. 31
25.010 1 NAVIGATION 0 2 0. 0. 0. 0. 0 0
25.027 1 GPS 0 0 0 0 0 0 0 0 0 0 1
25.081 1 DOWNLINK_STATUS 25 15902 706 1 486. 21. 26.77
25.122 1 ATTITUDE -0.038465 -1.123415 -0.141164
25.220 1 ESTIMATOR 0. 0.
25.258 1 NAVIGATION 0 2 0. 0. 0. 0. 0 0
25.277 1 GPS 0 0 0 0 0 0 0 0 0 0 1
25.325 1 WP_MOVED 7 360559.40625 4813804.5 75. 31
25.327 1 DL_VALUE 9 1.
25.509 1 NAVIGATION 0 2 0. 0. 0. 0. 0 0
25.532 1 GPS 0 0 0 0 0 0 0 0 0 0 1
25.536 1 NAVIGATION 0 2 0. 0. 0. 0. 0 0
25.586 1 PONG 
25.621 1 ATTITUDE -0.038411 -1.100363 -0.14112
25.725 1 ESTIMATOR 0. 0.
25.729 1 BAT 0 0 0 0 1 459 0 0
25.759 1 NAVIGATION 0 2 0. 0. 0. 0. 0 0
25.785 1 GPS 0 0 0 0 0 0 0 0 0 0 1
25.791 1 DESIRED 0. 0. 0. 0. 0. 50. 0.
25.826 1 WP_MOVED 8 360462.40625 4813640. 30. 31
25.829 1 IMU_GYRO 0.006348 0.014893 -0.032959
26.010 1 FBW_STATUS 2 0 1 0 0
26.014 1 NAVIGATION 0 2 0. 0. 0. 0. 0 0
26.030 1 GPS 0 0 0 0 0 0 0 0 0 0 1
26.082 1 DOWNLINK_STATUS 26 16371 727 1 469. 21. 26.84
26.104 1 COMMANDS 0,283,2915,0
26.122 1 ATTITUDE -0.038435 -1.077362 -0.140955
26.207 1 ACTUATORS 0,1120,1631,1445,1514,1514
26.224 1 ESTIMATOR 0. 0.
26.226 1 DOWNLINK 0 488 9981
26.259 1 NAVIGATION 0 2 0. 0. 0. 0. 0 0
26.277 1 GPS 0 0 0 0 0 0 0 0 0 0 1
26.326 1 WP_MOVED 9 360313.8125 4813652. 0. 31
26.328 1 NAVIGATION_REF 360285 4813595 31
26.423 1 GPS_SOL 0 0 0 0
26.425 1 CALIBRATION 0. 0
26.509 1 NAVIGATION 0 2 0. 0. 0. 0. 0 0
26.533 1 GPS 0 0 0 0 0 0 0 0 0 0 1
26.537 1 NAVIGATION 0 2 0. 0. 0. 0. 0 0
26.622 1 ATTITUDE -0.038447 -1.054392 -0.140968
26.725 1 ESTIMATOR 0. 0.
26.728 1 ENERGY 0. 0. 0 0.
26.758 1 NAVIGATION 0 2 0. 0. 0. 0. 0 0
26.778 1 GPS 0 0 0 0 0 0 0 0 0 0 1
26.840 1 WP_MOVED 10 360453.8125 4813581. 75. 31
26.846 1 DESIRED 0. 0. 0. 0. 0. 50. 0.
26.849 1 BAT 0 0 0 0 1 460 0 0
26.854 1 DL_VALUE 10 0.
26.858 1 ALIVE 68,230,201,177,229,211,64,56,73,125,45,2,113,245,219,42
26.923 1 IMU_GYRO 0.006348 0.015869 -0.032959
26.925 1 PPRZ_MODE 2 0 0 0 0 6
27.008 1 NAVIGATION 0 2 0. 0. 0. 0. 0 0
27.028 1 GPS 0 0 0 0 0 0 0 0 0 0 1
27.083 1 DOWNLINK_STATUS 27 16963 755 1 592. 28. 26.84
27.124 1 ATTITUDE -0.03857 -1.03141 -0.141127
27.125 1 STATE_FILTER_STATUS 3 0
27.218 1 ESTIMATOR 0. 0.
27.258 1 NAVIGATION 0 2 0. 0. 0. 0. 0 0
27.277 1 GPS 0 0 0 0 0 0 0 0 0 0 1
27.322 1 WP_MOVED 11 360170.5 4813757.5 75. 31
27.508 1 NAVIGATION 0 2 0. 0. 0. 0. 0 0
27.532 1 GPS 0 0 0 0 0 0 0 0 0 0 1
27.537 1 NAVIGATION 0 2 0. 0. 0. 0. 0 0
27.622 1 ATTITUDE -0.03853 -1.008407 -0.141083
27.719 1 ESTIMATOR 0. 0.
27.757 1 NAVIGATION 0 2 0. 0. 0. 0. 0 0
27.776 1 GPS 0 0 0 0 0 0 0 0 0 0 1
27.822 1 WP_MOVED 0 360327. 4813637. 75. 31
27.877 1 DESIRED 0. 0. 0. 0. 0. 50. 0.
27.922 1 BAT 0 0 0 0 1 461 0 0
28.008 1 FBW_STATUS 2 0 1 0 0
28.012 1 NAVIGATION 0 2 0. 0. 0. 0. 0 0
28.031 1 GPS 0 0 0 0 0 0 0 0 0 0 1
28.034 1 IMU_GYRO 0.108398 0.172363 -0.052002
28.084 1 DOWNLINK_STATUS 28 17424 775 1 461. 20. 26.84
28.121 1 ATTITUDE -0.039062 -0.985303 -0.140694
28.219 1 ESTIMATOR 0. 0.
28.257 1 NAVIGATION 0 2 0. 0. 0. 0. 0 0
28.277 1 GPS 0 0 0 0 0 0 0 0 0 0 1
28.323 1 WP_MOVED 1 360285. 4813595. 75. 31
28.325 1 DL_VALUE 0 0.
28.420 1 GPS_SOL 0 0 0 0
28.510 1 NAVIGATION 0 2 0. 0. 0. 0. 0 0
28.534 1 GPS 0 0 0 0 0 0 0 0 0 0 1
28.539 1 NAVIGATION 0 2 0. 0. 0. 0. 0 0
28.541 1 CALIBRATION 0. 0
28.622 1 ATTITUDE -0.038764 -0.962349 -0.140927
28.721 1 ESTIMATOR 0. 0.
28.757 1 NAVIGATION 0 2 0. 0. 0. 0. 0 0
28.776 1 GPS 0 0 0 0 0 0 0 0 0 0 1
28.821 1 WP_MOVED 2 360334.5 4813695. 75. 31
28.928 1 DESIRED 0. 0. 0. 0. 0. 50. 0.
29.007 1 NAVIGATION 0 2 0. 0. 0. 0. 0 0
29.032 1 GPS 0 0 0 0 0 0 0 0 0 0 1
29.036 1 BAT 0 0 0 0 1 463 0 0
29.085 1 DOWNLINK_STATUS 29 17883 795 1 459. 20. 26.84
29.125 1 ATTITUDE -0.038693 -0.939287 -0.141046
29.128 1 IMU_GYRO 0.00415 0.013672 -0.033936
29.222 1 ESTIMATOR 0. 0.
29.226 1 ENERGY 0. 0. 0 0.
29.258 1 NAVIGATION 0 2 0. 0. 0. 0. 0 0
29.277 1 GPS 0 0 0 0 0 0 0 0 0 0 1
29.321 1 WP_MOVED 3 360295.09375 4813785. 75. 31
29.507 1 NAVIGATION 0 2 0. 0. 0. 0. 0 0
29.533 1 GPS 0 0 0 0 0 0 0 0 0 0 1
29.537 1 NAVIGATION 0 2 0. 0. 0. 0. 0 0
29.623 1 ATTITUDE -0.038596 -0.916368 -0.141462
29.719 1 ESTIMATOR 0. 0.
29.758 1 NAVIGATION 0 2 0. 0. 0. 0. 0 0
29.777 1 GPS 0 0 0 0 0 0 0 0 0 0 1
29.825 1 WP_MOVED 4 360417.3125 4813734. 75. 31
29.827 1 DL_VALUE 1 0.
29.978 1 DESIRED 0. 0. 0. 0. 0. 50. 0.
30.008 1 FBW_STATUS 2 0 1 0 0
30.012 1 NAVIGATION 0 2 0. 0. 0. 0. 0 0
30.027 1 GPS 0 0 0 0 0 0 0 0 0 0 1
30.086 1 DOWNLINK_STATUS 30 18346 815 1 463. 20. 26.84
30.126 1 ATTITUDE -0.038613 -0.893387 -0.141288
30.129 1 BAT 0 0 0 0 1 464 0 0
30.223 1 ESTIMATOR 0. 0.
30.226 1 IMU_GYRO 0.00415 0.026367 -0.032959
30.258 1 NAVIGATION 0 2 0. 0. 0. 0. 0 0
30.277 1 GPS 0 0 0 0 0 0 0 0 0 0 1
30.323 1 WP_MOVED 5 360422. 4813583.5 75. 31
30.420 1 GPS_SOL 0 0 0 0
30.510 1 NAVIGATION 0 2 0. 0. 0. 0. 0 0
30.533 1 GPS 0 0 0 0 0 0 0 0 0 0 1
30.537 1 NAVIGATION 0 2 0. 0. 0. 0. 0 0
30.584 1 PONG 
30.622 1 ATTITUDE -0.038658 -0.870392 -0.1412
30.624 1 CALIBRATION 0. 0
30.720 1 ESTIMATOR 0. 0.
30.757 1 NAVIGATION 0 2 0. 0. 0. 0. 0 0
30.777 1 GPS 0 0 0 0 0 0 0 0 0 0 1
30.821 1 WP_MOVED 6 360165.8125 4813664.5 75. 31
31.008 1 NAVIGATION 0 2 0. 0. 0. 0. 0 0
31.034 1 GPS 0 0 0 0 0 0 0 0 0 0 1
31.040 1 DESIRED 0. 0. 0. 0. 0. 50. 0.
31.087 1 DOWNLINK_STATUS 31 18818 836 1 472. 21. 23.81
31.104 1 COMMANDS 0,284,2920,0
31.121 1 ATTITUDE -0.038667 -0.847416 -0.141192
31.204 1 ACTUATORS 0,1120,1632,1445,1514,1514
31.223 1 ESTIMATOR 0. 0.
31.227 1 BAT 0 0 0 0 1 465 0 0
31.258 1 NAVIGATION 0 2 0. 0. 0. 0. 0 0
31.277 1 GPS 0 0 0 0 0 0 0 0 0 0 1
31.330 1 WP_MOVED 7 360559.40625 4813804.5 75. 31
31.334 1 IMU_GYRO 0.00415 0.02124 -0.032959
31.336 1 DL_VALUE 2 50.
31.337 1 DOWNLINK 0 504 10096
31.507 1 NAVIGATION 0 2 0. 0. 0. 0. 0 0
31.531 1 GPS 0 0 0 0 0 0 0 0 0 0 1
31.535 1 NAVIGATION 0 2 0. 0. 0. 0. 0 0
31.621 1 ATTITUDE -0.038581 -0.824469 -0.141286
31.725 1 ESTIMATOR 0. 0.
31.728 1 ENERGY 0. 0. 0 0.
31.758 1 NAVIGATION 0 2 0. 0. 0. 0. 0 0
31.777 1 GPS 0 0 0 0 0 0 0 0 0 0 1
31.826 1 WP_MOVED 8 360462.40625 4813640. 30. 31
31.830 1 ALIVE 68,230,201,177,229,211,64,56,73,125,45,2,113,245,219,42
31.918 1 PPRZ_MODE 2 0 0 0 0 6
32.009 1 FBW_STATUS 2 0 1 0 0
32.013 1 NAVIGATION 0 2 0. 0. 0. 0. 0 0
32.027 1 GPS 0 0 0 0 0 0 0 0 0 0 1
32.075 1 DESIRED 0. 0. 0. 0. 0. 50. 0.
32.088 1 DOWNLINK_STATUS 32 19381 862 1 563. 26. 23.81
32.122 1 ATTITUDE -0.038454 -0.801486 -0.141204
32.124 1 STATE_FILTER_STATUS 3 0
32.220 1 ESTIMATOR 0. 0.
32.226 1 WIND_INFO 1 42 0. 0. 0.
32.261 1 NAVIGATION 0 2 0. 0. 0. 0. 0 0
32.279 1 GPS 0 0 0 0 0 0 0 0 0 0 1
32.326 1 WP_MOVED 9 360313.8125 4813652. 0. 31
32.329 1 BAT 0 0 0 0 1 466 0 0
32.425 1 IMU_GYRO 0.006348 0.012695 -0.033936
32.428 1 GPS_SOL 0 0 0 0
32.507 1 NAVIGATION 0 2 0. 0. 0. 0. 0 0
32.531 1 GPS 0 0 0 0 0 0 0 0 0 0 1
32.536 1 NAVIGATION 0 2 0. 0. 0. 0. 0 0
32.621 1 ATTITUDE -0.038345 -0.778508 -0.141104
32.721 1 ESTIMATOR 0. 0.
32.723 1 CALIBRATION 0. 0
32.758 1 NAVIGATION 0 2 0. 0. 0. 0. 0 0
32.776 1 GPS 0 0 0 0 0 0 0 0 0 0 1
32.825 1 WP_MOVED 10 360453.8125 4813581. 75. 31
32.827 1 DL_VALUE 3 0.
33.009 1 NAVIGATION 0 2 0. 0. 0. 0. 0 0
33.028 1 GPS 0 0 0 0 0 0 0 0 0 0 1
33.089 1 DOWNLINK_STATUS 33 19833 883 1 452. 21. 23.81
33.128 1 ATTITUDE -0.038367 -0.755484 -0.141078
33.133 1 DESIRED 0. 0. 0. 0. 0. 50. 0.
33.218 1 ESTIMATOR 0. 0.
33.256 1 NAVIGATION 0 2 0. 0. 0. 0. 0 0
33.278 1 GPS 0 0 0 0 0 0 0 0 0 0 1
33.322 1 WP_MOVED 11 360170.5 4813757.5 75. 31
33.421 1 BAT 0 0 0 0 1 467 0 0
33.508 1 NAVIGATION 0 2 0. 0. 0. 0. 0 0
33.535 1 GPS 0 0 0 0 0 0 0 0 0 0 1
33.539 1 NAVIGATION 0 2 0. 0. 0. 0. 0 0
33.542 1 IMU_GYRO 0.006348 0.02124 -0.033936
33.620 1 ATTITUDE -0.038473 -0.732434 -0.141152
33.720 1 ESTIMATOR 0. 0.
33.758 1 NAVIGATION 0 2 0. 0. 0. 0. 0 0
33.776 1 GPS 0 0 0 0 0 0 0 0 0 0 1
33.821 1 WP_MOVED 0 360327. 4813637. 75. 31
34.010 1 NAVIGATION 0 2 0. 0. 0. 0. 0 0
34.012 1 FBW_STATUS 2 0 1 0 0
34.028 1 GPS 0 0 0 0 0 0 0 0 0 0 1
34.090 1 DOWNLINK_STATUS 34 20285 902 1 452. 19. 23.81
34.122 1 ATTITUDE -0.038565 -0.709397 -0.141287
34.176 1 DESIRED 0. 0. 0. 0. 0. 50. 0.
34.225 1 ESTIMATOR 0. 0.
34.228 1 ENERGY 0. 0. 0 0.
34.257 1 NAVIGATION 0 2 0. 0. 0. 0. 0 0
34.277 1 GPS 0 0 0 0 0 0 0 0 0 0 1
34.324 1 WP_MOVED 1 360285. 4813595. 75. 31
34.326 1 DL_VALUE 4 0.
34.420 1 GPS_SOL 0 0 0 0
34.507 1 NAVIGATION 0 2 0. 0. 0. 0. 0 0
34.535 1 GPS 0 0 0 0 0 0 0 0 0 0 1
34.540 1 NAVIGATION 0 2 0. 0. 0. 0. 0 0
34.543 1 BAT 0 0 0 0 1 468 0 0
34.625 1 ATTITUDE -0.038704 -0.686334 -0.141268
34.628 1 IMU_GYRO 0.006348 0.014893 -0.033936
34.720 1 ESTIMATOR 0. 0.
34.758 1 NAVIGATION 0 2 0. 0. 0. 0. 0 0
34.776 1 GPS 0 0 0 0 0 0 0 0 0 0 1
34.822 1 WP_MOVED 2 360334.5 4813695. 75. 31
34.824 1 CALIBRATION 0. 0
35.006 1 NAVIGATION 0 2 0. 0. 0. 0. 0 0
35.025 1 GPS 0 0 0 0 0 0 0 0 0 0 1
35.091 1 DOWNLINK_STATUS 35 20782 924 1 497. 22. 23.81
35.119 1 ATTITUDE -0.038923 -0.663294 -0.141187
35.226 1 ESTIMATOR 0. 0.
35.232 1 DESIRED 0. 0. 0. 0. 0. 50. 0.
35.258 1 NAVIGATION 0 2 0. 0. 0. 0. 0 0
35.276 1 GPS 0 0 0 0 0 0 0 0 0 0 1
35.326 1 WP_MOVED 3 360295.09375 4813785. 75. 31
35.328 1 NAVIGATION_REF 360285 4813595 31
35.508 1 NAVIGATION 0 2 0. 0. 0. 0. 0 0
35.533 1 GPS 0 0 0 0 0 0 0 0 0 0 1
35.537 1 NAVIGATION 0 2 0. 0. 0. 0. 0 0
35.585 1 PONG 
35.625 1 ATTITUDE -0.038944 -0.640301 -0.141252
35.629 1 BAT 0 0 0 0 1 469 0 0
35.722 1 ESTIMATOR 0. 0.
35.726 1 IMU_GYRO 0.006348 0.012695 -0.033936
35.756 1 NAVIGATION 0 2 0. 0. 0. 0. 0 0
35.777 1 GPS 0 0 0 0 0 0 0 0 0 0 1
35.824 1 WP_MOVED 4 360417.3125 4813734. 75. 31
35.826 1 DL_VALUE 5 0.
36.008 1 FBW_STATUS 2 0 1 0 0
36.012 1 NAVIGATION 0 2 0. 0. 0. 0. 0 0
36.026 1 GPS 0 0 0 0 0 0 0 0 0 0 1
36.092 1 DOWNLINK_STATUS 36 21266 946 1 484. 22. 23.81
36.102 1 COMMANDS 0,287,2918,0
36.121 1 ATTITUDE -0.039024 -0.617248 -0.141049
36.204 1 ACTUATORS 0,1120,1631,1445,1515,1515
36.220 1 ESTIMATOR 0. 0.
36.258 1 NAVIGATION 0 2 0. 0. 0. 0. 0 0
36.285 1 GPS 0 0 0 0 0 0 0 0 0 0 1
36.291 1 DESIRED 0. 0. 0. 0. 0. 50. 0.
36.322 1 WP_MOVED 5 360422. 4813583.5 75. 31
36.422 1 GPS_SOL 0 0 0 0
36.424 1 DOWNLINK 0 480 10205
36.508 1 NAVIGATION 0 2 0. 0. 0. 0. 0 0
36.531 1 GPS 0 0 0 0 0 0 0 0 0 0 1
36.535 1 NAVIGATION 0 2 0. 0. 0. 0. 0 0
36.620 1 ATTITUDE -0.039079 -0.594276 -0.141059
36.728 1 ESTIMATOR 0. 0.
36.732 1 BAT 0 0 0 0 1 470 0 0
36.735 1 ENERGY 0. 0. 0 0.
36.757 1 NAVIGATION 0 2 0. 0. 0. 0. 0 0
36.777 1 GPS 0 0 0 0 0 0 0 0 0 0 1
36.830 1 WP_MOVED 6 360165.8125 4813664.5 75. 31
36.834 1 IMU_GYRO 0.006348 0.012695 -0.033936
36.838 1 ALIVE 68,230,201,177,229,211,64,56,73,125,45,2,113,245,219,42
36.920 1 CALIBRATION 0. 0
36.922 1 PPRZ_MODE 2 0 0 0 0 6
37.008 1 NAVIGATION 0 2 0. 0. 0. 0. 0 0
37.027 1 GPS 0 0 0 0 0 0 0 0 0 0 1
37.093 1 DOWNLINK_STATUS 37 21832 972 1 566. 26. 23.81
37.122 1 ATTITUDE -0.039257 -0.57127 -0.140967
37.124 1 STATE_FILTER_STATUS 3 0
37.218 1 ESTIMATOR 0. 0.
37.258 1 NAVIGATION 0 2 0. 0. 0. 0. 0 0
37.275 1 GPS 0 0 0 0 0 0 0 0 0 0 1
37.333 1 WP_MOVED 7 360559.40625 4813804.5 75. 31
37.338 1 DESIRED 0. 0. 0. 0. 0. 50. 0.
37.340 1 DL_VALUE 6 100.
37.508 1 NAVIGATION 0 2 0. 0. 0. 0. 0 0
37.532 1 GPS 0 0 0 0 0 0 0 0 0 0 1
37.537 1 NAVIGATION 0 2 0. 0. 0. 0. 0 0
37.621 1 ATTITUDE -0.039179 -0.548277 -0.141124
37.721 1 ESTIMATOR 0. 0.
37.758 1 NAVIGATION 0 2 0. 0. 0. 0. 0 0
37.775 1 GPS 0 0 0 0 0 0 0 0 0 0 1
37.826 1 WP_MOVED 8 360462.40625 4813640. 30. 31
37.830 1 BAT 0 0 0 0 1 471 0 0
37.921 1 IMU_GYRO 0.006348 0.014893 -0.034912
38.009 1 NAVIGATION 0 2 0. 0. 0. 0. 0 0
38.011 1 FBW_STATUS 2 0 1 0 0
38.027 1 GPS 0 0 0 0 0 0 0 0 0 0 1
38.094 1 DOWNLINK_STATUS 38 22304 993 1 472. 21. 23.81
38.122 1 ATTITUDE -0.03922 -0.525339 -0.141088
38.220 1 ESTIMATOR 0. 0.
38.258 1 NAVIGATION 0 2 0. 0. 0. 0. 0 0
38.277 1 GPS 0 0 0 0 0 0 0 0 0 0 1
38.323 1 WP_MOVED 9 360313.8125 4813652. 0. 31
38.379 1 DESIRED 0. 0. 0. 0. 0. 50. 0.
38.422 1 GPS_SOL 0 0 0 0
38.509 1 NAVIGATION 0 2 0. 0. 0. 0. 0 0
38.533 1 GPS 0 0 0 0 0 0 0 0 0 0 1
38.538 1 NAVIGATION 0 2 0. 0. 0. 0. 0 0
38.620 1 ATTITUDE -0.039395 -0.501861 -0.14091
38.717 1 ESTIMATOR 0. 0.
38.756 1 NAVIGATION 0 2 0. 0. 0. 0. 0 0
38.776 1 GPS 0 0 0 0 0 0 0 0 0 0 1
38.824 1 WP_MOVED 10 360453.8125 4813581. 75. 31
38.826 1 DL_VALUE 7 2.
38.920 1 BAT 0 0 0 0 1 472 0 0
39.007 1 NAVIGATION 0 2 0. 0. 0. 0. 0 0
39.033 1 GPS 0 0 0 0 0 0 0 0 0 0 1
39.037 1 IMU_GYRO 0.006348 0.014893 -0.032959
39.038 1 CALIBRATION 0. 0
39.095 1 DOWNLINK_STATUS 39 22781 1014 1 477. 21. 23.81
39.120 1 ATTITUDE -0.039372 -0.478858 -0.140945
39.223 1 ESTIMATOR 0. 0.
39.226 1 ENERGY 0. 0. 0 0.
39.256 1 NAVIGATION 0 2 0. 0. 0. 0. 0 0
39.275 1 GPS 0 0 0 0 0 0 0 0 0 0 1
39.321 1 WP_MOVED 11 360170.5 4813757.5 75. 31
39.426 1 DESIRED 0. 0. 0. 0. 0. 50. 0.
39.507 1 NAVIGATION 0 2 0. 0. 0. 0. 0 0
39.530 1 GPS 0 0 0 0 0 0 0 0 0 0 1
39.535 1 NAVIGATION 0 2 0. 0. 0. 0. 0 0
39.620 1 ATTITUDE -0.039384 -0.455785 -0.140819
39.720 1 ESTIMATOR 0. 0.
39.757 1 NAVIGATION 0 2 0. 0. 0. 0. 0 0
39.776 1 GPS 0 0 0 0 0 0 0 0 0 0 1
39.821 1 WP_MOVED 0 360327. 4813637. 75. 31
40.011 1 NAVIGATION 0 2 0. 0. 0. 0. 0 0
40.014 1 FBW_STATUS 2 0 1 0 0
40.029 1 GPS 0 0 0 0 0 0 0 0 0 0 1
40.033 1 BAT 0 0 0 0 1 474 0 0
40.096 1 DOWNLINK_STATUS 40 23235 1033 1 454. 19. 23.81
40.124 1 ATTITUDE -0.039347 -0.432766 -0.14076
40.128 1 IMU_GYRO 0.006348 0.02002 -0.032959
40.219 1 ESTIMATOR 0. 0.
40.256 1 NAVIGATION 0 2 0. 0. 0. 0. 0 0
40.276 1 GPS 0 0 0 0 0 0 0 0 0 0 1
40.324 1 WP_MOVED 1 360285. 4813595. 75. 31
40.326 1 DL_VALUE 8 0.
40.421 1 GPS_SOL 0 0 0 0
40.476 1 DESIRED 0. 0. 0. 0. 0. 50. 0.
40.508 1 NAVIGATION 0 2 0. 0. 0. 0. 0 0
40.533 1 GPS 0 0 0 0 0 0 0 0 0 0 1
40.537 1 NAVIGATION 0 2 0. 0. 0. 0. 0 0
40.588 1 PONG 
40.621 1 ATTITUDE -0.039266 -0.409797 -0.140745
40.719 1 ESTIMATOR 0. 0.
40.758 1 NAVIGATION 0 2 0. 0. 0. 0. 0 0
40.776 1 GPS 0 0 0 0 0 0 0 0 0 0 1
40.822 1 WP_MOVED 2 360334.5 4813695. 75. 31
41.008 1 NAVIGATION 0 2 0. 0. 0. 0. 0 0
41.025 1 GPS 0 0 0 0 0 0 0 0 0 0 1
41.097 1 DOWNLINK_STATUS 41 23687 1053 1 452. 20. 25.03
41.102 1 COMMANDS 0,290,2912,0
41.126 1 ATTITUDE -0.039334 -0.386714 -0.140744
41.130 1 BAT 0 0 0 0 1 475 0 0
41.132 1 CALIBRATION 0. 0
41.203 1 ACTUATORS 0,1120,1631,1445,1515,1515
41.224 1 ESTIMATOR 0. 0.
41.227 1 IMU_GYRO 0.006348 0.012695 -0.033936
41.258 1 NAVIGATION 0 2 0. 0. 0. 0. 0 0
41.277 1 GPS 0 0 0 0 0 0 0 0 0 0 1
41.321 1 WP_MOVED 3 360295.09375 4813785. 75. 31
41.508 1 NAVIGATION 0 2 0. 0. 0. 0. 0 0
41.540 1 GPS 0 0 0 0 0 0 0 0 0 0 1
41.545 1 NAVIGATION 0 2 0. 0. 0. 0. 0 0
41.554 1 DESIRED 0. 0. 0. 0. 0. 50. 0.
41.557 1 DOWNLINK 0 497 10317
41.620 1 ATTITUDE -0.039351 -0.363681 -0.140742
41.724 1 ESTIMATOR 0. 0.
41.727 1 ENERGY 0. 0. 0 0.
41.757 1 NAVIGATION 0 2 0. 0. 0. 0. 0 0
41.776 1 GPS 0 0 0 0 0 0 0 0 0 0 1
41.829 1 WP_MOVED 4 360417.3125 4813734. 75. 31
41.831 1 DL_VALUE 9 1.
41.835 1 ALIVE 68,230,201,177,229,211,64,56,73,125,45,2,113,245,219,42
41.919 1 PPRZ_MODE 2 0 0 0 0 6
42.007 1 FBW_STATUS 2 0 1 0 0
42.011 1 NAVIGATION 0 2 0. 0. 0. 0. 0 0
42.027 1 GPS 0 0 0 0 0 0 0 0 0 0 1
42.098 1 DOWNLINK_STATUS 42 24261 1080 1 574. 27. 25.03
42.123 1 ATTITUDE -0.039341 -0.340681 -0.140748
42.125 1 STATE_FILTER_STATUS 3 0
42.223 1 ESTIMATOR 0. 0.
42.226 1 BAT 0 0 0 0 1 476 0 0
42.226 1 WIND_INFO 1 42 0. 0. 0.
42.264 1 NAVIGATION 0 2 0. 0. 0. 0. 0 0
42.282 1 GPS 0 0 0 0 0 0 0 0 0 0 1
42.326 1 WP_MOVED 5 360422. 4813583.5 75. 31
42.329 1 IMU_GYRO 0.006348 0.02124 -0.032959
42.419 1 GPS_SOL 0 0 0 0
42.509 1 NAVIGATION 0 2 0. 0. 0. 0. 0 0
42.532 1 GPS 0 0 0 0 0 0 0 0 0 0 1
42.536 1 NAVIGATION 0 2 0. 0. 0. 0. 0 0
42.576 1 DESIRED 0. 0. 0. 0. 0. 50. 0.
42.620 1 ATTITUDE -0.039358 -0.317721 -0.140882
42.720 1 ESTIMATOR 0. 0.
42.756 1 NAVIGATION 0 2 0. 0. 0. 0. 0 0
42.777 1 GPS 0 0 0 0 0 0 0 0 0 0 1
42.822 1 WP_MOVED 6 360165.8125 4813664.5 75. 31
43.006 1 NAVIGATION 0 2 0. 0. 0. 0. 0 0
43.025 1 GPS 0 0 0 0 0 0 0 0 0 0 1
43.099 1 DOWNLINK_STATUS 43 24725 1100 1 464. 20. 25.03
43.121 1 ATTITUDE -0.039314 -0.294653 -0.140876
43.221 1 ESTIMATOR 0. 0.
43.223 1 CALIBRATION 0. 0
43.257 1 NAVIGATION 0 2 0. 0. 0. 0. 0 0
43.276 1 GPS 0 0 0 0 0 0 0 0 0 0 1
43.327 1 WP_MOVED 7 360559.40625 4813804.5 75. 31
43.330 1 BAT 0 0 0 0 1 477 0 0
43.332 1 DL_VALUE 10 0.
43.420 1 IMU_GYRO 0.006348 0.011475 -0.033936
43.506 1 NAVIGATION 0 2 0. 0. 0. 0. 0 0
43.531 1 GPS 0 0 0 0 0 0 0 0 0 0 1
43.536 1 NAVIGATION 0 2 0. 0. 0. 0. 0 0
43.628 1 ATTITUDE -0.039274 -0.271592 -0.140869
43.634 1 DESIRED 0. 0. 0. 0. 0. 50. 0.
43.718 1 ESTIMATOR 0. 0.
43.756 1 NAVIGATION 0 2 0. 0. 0. 0. 0 0
43.776 1 GPS 0 0 0 0 0 0 0 0 0 0 1
43.820 1 WP_MOVED 8 360462.40625 4813640. 30. 31
44.008 1 FBW_STATUS 2 0 1 0 0
44.012 1 NAVIGATION 0 2 0. 0. 0. 0. 0 0
44.025 1 GPS 0 0 0 0 0 0 0 0 0 0 1
44.100 1 DOWNLINK_STATUS 44 25199 1121 1 474. 21. 25.03
44.119 1 ATTITUDE -0.039346 -0.248621 -0.140703
44.224 1 ESTIMATOR 0. 0.
44.227 1 ENERGY 0. 0. 0 0.
44.258 1 NAVIGATION 0 2 0. 0. 0. 0. 0 0
44.277 1 GPS 0 0 0 0 0 0 0 0 0 0 1
44.323 1 WP_MOVED 9 360313.8125 4813652. 0. 31
44.326 1 NAVIGATION_REF 360285 4813595 31
44.423 1 BAT 0 0 0 0 1 478 0 0
44.426 1 GPS_SOL 0 0 0 0
44.508 1 NAVIGATION 0 2 0. 0. 0. 0. 0 0
44.535 1 GPS 0 0 0 0 0 0 0 0 0 0 1
44.540 1 NAVIGATION 0 2 0. 0. 0. 0. 0 0
44.543 1 IMU_GYRO 0.006348 0.014893 -0.033936
44.619 1 ATTITUDE -0.03928 -0.225622 -0.140806
44.676 1 DESIRED 0. 0. 0. 0. 0. 50. 0.
44.718 1 ESTIMATOR 0. 0.
44.755 1 NAVIGATION 0 2 0. 0. 0. 0. 0 0
44.776 1 GPS 0 0 0 0 0 0 0 0 0 0 1
44.822 1 WP_MOVED 10 360453.8125 4813581. 75. 31
44.824 1 DL_VALUE 0 0.
45.006 1 NAVIGATION 0 2 0. 0. 0. 0. 0 0
45.027 1 GPS 0 0 0 0 0 0 0 0 0 0 1
45.101 1 DOWNLINK_STATUS 45 25700 1143 1 501. 22. 25.03
45.119 1 ATTITUDE -0.03926 -0.202582 -0.140969
45.219 1 ESTIMATOR 0. 0.
45.257 1 NAVIGATION 0 2 0. 0. 0. 0. 0 0
45.276 1 GPS 0 0 0 0 0 0 0 0 0 0 1
45.324 1 WP_MOVED 11 360170.5 4813757.5 75. 31
45.326 1 CALIBRATION 0. 0
45.509 1 NAVIGATION 0 2 0. 0. 0. 0. 0 0
45.536 1 GPS 0 0 0 0 0 0 0 0 0 0 1
45.540 1 NAVIGATION 0 2 0. 0. 0. 0. 0 0
45.544 1 BAT 0 0 0 0 1 479 0 0
45.590 1 PONG 
45.624 1 ATTITUDE -0.039316 -0.179471 -0.140896
45.627 1 IMU_GYRO 0.006348 0.014893 -0.033936
45.727 1 ESTIMATOR 0. 0.
45.733 1 DESIRED 0. 0. 0. 0. 0. 50. 0.
45.757 1 NAVIGATION 0 2 0. 0. 0. 0. 0 0
45.775 1 GPS 0 0 0 0 0 0 0 0 0 0 1
45.820 1 WP_MOVED 0 360327. 4813637. 75. 31
46.008 1 FBW_STATUS 2 0 1 0 0
46.013 1 NAVIGATION 0 2 0. 0. 0. 0. 0 0
46.029 1 GPS 0 0 0 0 0 0 0 0 0 0 1
46.102 1 COMMANDS 0,289,2914,0
46.102 1 DOWNLINK_STATUS 46 26184 1165 1 484. 22. 27.23
46.121 1 ATTITUDE -0.039299 -0.15653 -0.140778
46.203 1 ACTUATORS 0,1120,1631,1445,1515,1515
46.218 1 ESTIMATOR 0. 0.
46.258 1 NAVIGATION 0 2 0. 0. 0. 0. 0 0
46.276 1 GPS 0 0 0 0 0 0 0 0 0 0 1
46.323 1 WP_MOVED 1 360285. 4813595. 75. 31
46.325 1 DL_VALUE 1 0.
46.419 1 GPS_SOL 0 0 0 0
46.507 1 NAVIGATION 0 2 0. 0. 0. 0. 0 0
46.533 1 GPS 0 0 0 0 0 0 0 0 0 0 1
46.537 1 NAVIGATION 0 2 0. 0. 0. 0. 0 0
46.627 1 ATTITUDE -0.039263 -0.133453 -0.141095
46.630 1 BAT 0 0 0 0 1 480 0 0
46.632 1 DOWNLINK 0 483 10428
46.726 1 ESTIMATOR 0. 0.
46.729 1 IMU_GYRO 0.001953 0.038086 -0.031738
46.735 1 ENERGY 0. 0. 0 0.
46.757 1 NAVIGATION 0 2 0. 0. 0. 0. 0 0
46.784 1 GPS 0 0 0 0 0 0 0 0 0 0 1
46.790 1 DESIRED 0. 0. 0. 0. 0. 50. 0.
46.827 1 WP_MOVED 2 360334.5 4813695. 75. 31
46.831 1 ALIVE 68,230,201,177,229,211,64,56,73,125,45,2,113,245,219,42
46.917 1 PPRZ_MODE 2 0 0 0 0 6
47.007 1 NAVIGATION 0 2 0. 0. 0. 0. 0 0
47.026 1 GPS 0 0 0 0 0 0 0 0 0 0 1
47.102 1 DOWNLINK_STATUS 47 26735 1190 1 551. 25. 27.23
47.123 1 ATTITUDE -0.039339 -0.110473 -0.14121
47.123 1 STATE_FILTER_STATUS 3 0
47.219 1 ESTIMATOR 0. 0.
47.256 1 NAVIGATION 0 2 0. 0. 0. 0. 0 0
47.276 1 GPS 0 0 0 0 0 0 0 0 0 0 1
47.320 1 WP_MOVED 3 360295.09375 4813785. 75. 31
47.416 1 CALIBRATION 0. 0
47.506 1 NAVIGATION 0 2 0. 0. 0. 0. 0 0
47.530 1 GPS 0 0 0 0 0 0 0 0 0 0 1
47.534 1 NAVIGATION 0 2 0. 0. 0. 0. 0 0
47.620 1 ATTITUDE -0.039226 -0.087374 -0.139719
47.723 1 ESTIMATOR 0. 0.
47.726 1 BAT 0 0 0 0 1 481 0 0
47.755 1 NAVIGATION 0 2 0. 0. 0. 0. 0 0
47.776 1 GPS 0 0 0 0 0 0 0 0 0 0 1
47.834 1 WP_MOVED 4 360417.3125 4813734. 75. 31
47.840 1 DESIRED 0. 0. 0. 0. 0. 50. 0.
47.843 1 IMU_GYRO 0.00415 0.025391 -0.032959
47.845 1 DL_VALUE 2 50.
48.008 1 FBW_STATUS 2 0 1 0 0
48.013 1 NAVIGATION 0 2 0. 0. 0. 0. 0 0
48.026 1 GPS 0 0 0 0 0 0 0 0 0 0 1
48.103 1 DOWNLINK_STATUS 48 27218 1212 1 483. 22. 27.23
48.119 1 ATTITUDE -0.039048 -0.064309 -0.139938
48.217 1 ESTIMATOR 0. 0.
48.256 1 NAVIGATION 0 2 0. 0. 0. 0. 0 0
48.275 1 GPS 0 0 0 0 0 0 0 0 0 0 1
48.319 1 WP_MOVED 5 360422. 4813583.5 75. 31
48.419 1 GPS_SOL 0 0 0 0
48.506 1 NAVIGATION 0 2 0. 0. 0. 0. 0 0
48.531 1 GPS 0 0 0 0 0 0 0 0 0 0 1
48.535 1 NAVIGATION 0 2 0. 0. 0. 0. 0 0
48.621 1 ATTITUDE -0.039057 -0.041311 -0.140007
48.719 1 ESTIMATOR 0. 0.
48.757 1 NAVIGATION 0 2 0. 0. 0. 0. 0 0
48.774 1 GPS 0 0 0 0 0 0 0 0 0 0 1
48.825 1 WP_MOVED 6 360165.8125 4813664.5 75. 31
48.829 1 BAT 0 0 0 0 1 482 0 0
48.875 1 DESIRED 0. 0. 0. 0. 0. 50. 0.
48.920 1 IMU_GYRO 0.006348 0.005127 -0.033936
49.006 1 NAVIGATION 0 2 0. 0. 0. 0. 0 0
49.026 1 GPS 0 0 0 0 0 0 0 0 0 0 1
49.104 1 DOWNLINK_STATUS 49 27673 1231 1 455. 19. 27.23
49.119 1 ATTITUDE -0.038939 -0.018196 -0.140038
49.222 1 ESTIMATOR 0. 0.
49.226 1 ENERGY 0. 0. 0 0.
49.257 1 NAVIGATION 0 2 0. 0. 0. 0. 0 0
49.275 1 GPS 0 0 0 0 0 0 0 0 0 0 1
49.322 1 WP_MOVED 7 360559.40625 4813804.5 75. 31
49.324 1 DL_VALUE 3 0.
49.508 1 NAVIGATION 0 2 0. 0. 0. 0. 0 0
49.532 1 GPS 0 0 0 0 0 0 0 0 0 0 1
49.536 1 NAVIGATION 0 2 0. 0. 0. 0. 0 0
49.538 1 CALIBRATION 0. 0
49.621 1 ATTITUDE -0.039367 0.004855 -0.140783
49.717 1 ESTIMATOR 0. 0.
49.757 1 NAVIGATION 0 2 0. 0. 0. 0. 0 0
49.776 1 GPS 0 0 0 0 0 0 0 0 0 0 1
49.822 1 WP_MOVED 8 360462.40625 4813640. 30. 31
49.931 1 DESIRED 0. 0. 0. 0. 0. 50. 0.
49.935 1 BAT 0 0 0 0 1 483 0 0
50.009 1 NAVIGATION 0 2 0. 0. 0. 0. 0 0
50.011 1 FBW_STATUS 2 0 1 0 0
50.029 1 GPS 0 0 0 0 0 0 0 0 0 0 1
50.032 1 IMU_GYRO 0.006348 0.019043 -0.033936
50.105 1 DOWNLINK_STATUS 50 28167 1253 1 494. 22. 27.23
50.120 1 ATTITUDE -0.039231 0.027897 -0.140429
50.217 1 ESTIMATOR 0. 0.
50.256 1 NAVIGATION 0 2 0. 0. 0. 0. 0 0
50.276 1 GPS 0 0 0 0 0 0 0 0 0 0 1
50.322 1 WP_MOVED 9 360313.8125 4813652. 0. 31
50.419 1 GPS_SOL 0 0 0 0
50.507 1 NAVIGATION 0 2 0. 0. 0. 0. 0 0
50.531 1 GPS 0 0 0 0 0 0 0 0 0 0 1
50.536 1 NAVIGATION 0 2 0. 0. 0. 0. 0 0
50.589 1 PONG 
50.619 1 ATTITUDE -0.03922 0.05091 -0.140471
50.720 1 ESTIMATOR 0. 0.
50.756 1 NAVIGATION 0 2 0. 0. 0. 0. 0 0
50.776 1 GPS 0 0 0 0 0 0 0 0 0 0 1
50.823 1 WP_MOVED 10 360453.8125 4813581. 75. 31
50.824 1 DL_VALUE 4 0.
50.976 1 DESIRED 0. 0. 0. 0. 0. 50. 0.
51.007 1 NAVIGATION 0 2 0. 0. 0. 0. 0 0
51.030 1 GPS 0 0 0 0 0 0 0 0 0 0 1
51.033 1 BAT 0 0 0 0 1 485 0 0
51.102 1 COMMANDS 0,288,2909,0
51.106 1 DOWNLINK_STATUS 51 28636 1274 1 469. 21. 26.14
51.125 1 ATTITUDE -0.039124 0.073929 -0.140609
51.128 1 IMU_GYRO 0.006348 0.013672 -0.033936
51.204 1 ACTUATORS 0,1120,1631,1445,1514,1514
51.219 1 ESTIMATOR 0. 0.
51.256 1 NAVIGATION 0 2 0. 0. 0. 0. 0 0
51.275 1 GPS 0 0 0 0 0 0 0 0 0 0 1
51.321 1 WP_MOVED 11 360170.5 4813757.5 75. 31
51.506 1 NAVIGATION 0 2 0. 0. 0. 0. 0 0
51.531 1 GPS 0 0 0 0 0 0 0 0 0 0 1
51.535 1 NAVIGATION 0 2 0. 0. 0. 0. 0 0
51.623 1 ATTITUDE -0.039133 0.096926 -0.140636
51.624 1 CALIBRATION 0. 0
51.724 1 ESTIMATOR 0. 0.
51.728 1 ENERGY 0. 0. 0 0.
51.730 1 DOWNLINK 0 483 10538
51.757 1 NAVIGATION 0 2 0. 0. 0. 0. 0 0
51.776 1 GPS 0 0 0 0 0 0 0 0 0 0 1
51.824 1 WP_MOVED 0 360327. 4813637. 75. 31
51.828 1 ALIVE 68,230,201,177,229,211,64,56,73,125,45,2,113,245,219,42
51.918 1 PPRZ_MODE 2 0 0 0 0 6
52.007 1 FBW_STATUS 2 0 1 0 0
52.012 1 NAVIGATION 0 2 0. 0. 0. 0. 0 0
52.034 1 GPS 0 0 0 0 0 0 0 0 0 0 1
52.040 1 DESIRED 0. 0. 0. 0. 0. 50. 0.
52.107 1 DOWNLINK_STATUS 52 29164 1298 1 528. 24. 26.14
52.126 1 ATTITUDE -0.039134 0.120354 -0.140753
52.129 1 BAT 0 0 0 0 1 486 0 0
52.131 1 STATE_FILTER_STATUS 3 0
52.221 1 ESTIMATOR 0. 0.
52.225 1 IMU_GYRO 0.006348 0.019043 -0.031738
52.226 1 WIND_INFO 1 42 0. 0. 0.
52.260 1 NAVIGATION 0 2 0. 0. 0. 0. 0 0
52.277 1 GPS 0 0 0 0 0 0 0 0 0 0 1
52.323 1 WP_MOVED 1 360285. 4813595. 75. 31
52.325 1 DL_VALUE 5 0.
52.419 1 GPS_SOL 0 0 0 0
52.506 1 NAVIGATION 0 2 0. 0. 0. 0. 0 0
52.529 1 GPS 0 0 0 0 0 0 0 0 0 0 1
52.534 1 NAVIGATION 0 2 0. 0. 0. 0. 0 0
52.620 1 ATTITUDE -0.0391 0.143395 -0.140902
52.718 1 ESTIMATOR 0. 0.
52.755 1 NAVIGATION 0 2 0. 0. 0. 0. 0 0
52.777 1 GPS 0 0 0 0 0 0 0 0 0 0 1
52.821 1 WP_MOVED 2 360334.5 4813695. 75. 31
53.006 1 NAVIGATION 0 2 0. 0. 0. 0. 0 0
53.025 1 GPS 0 0 0 0 0 0 0 0 0 0 1
53.075 1 DESIRED 0. 0. 0. 0. 0. 50. 0.
53.107 1 DOWNLINK_STATUS 53 29639 1319 1 475. 21. 26.14
53.120 1 ATTITUDE -0.039148 0.16651 -0.140984
53.223 1 ESTIMATOR 0. 0.
53.226 1 BAT 0 0 0 0 1 487 0 0
53.255 1 NAVIGATION 0 2 0. 0. 0. 0. 0 0
53.277 1 GPS 0 0 0 0 0 0 0 0 0 0 1
53.326 1 WP_MOVED 3 360295.09375 4813785. 75. 31
53.330 1 IMU_GYRO 0.00415 0.019043 -0.032959
53.332 1 NAVIGATION_REF 360285 4813595 31
53.508 1 NAVIGATION 0 2 0. 0. 0. 0. 0 0
53.532 1 GPS 0 0 0 0 0 0 0 0 0 0 1
53.536 1 NAVIGATION 0 2 0. 0. 0. 0. 0 0
53.618 1 ATTITUDE -0.039227 0.189426 -0.141074
53.721 1 ESTIMATOR 0. 0.
53.723 1 CALIBRATION 0. 0
53.756 1 NAVIGATION 0 2 0. 0. 0. 0. 0 0
53.775 1 GPS 0 0 0 0 0 0 0 0 0 0 1
53.823 1 WP_MOVED 4 360417.3125 4813734. 75. 31
53.825 1 DL_VALUE 6 100.
54.008 1 FBW_STATUS 2 0 1 0 0
54.012 1 NAVIGATION 0 2 0. 0. 0. 0. 0 0
54.028 1 GPS 0 0 0 0 0 0 0 0 0 0 1
54.108 1 DOWNLINK_STATUS 54 30094 1340 1 455. 21. 26.14
54.128 1 ATTITUDE -0.039585 0.212543 -0.139225
54.134 1 DESIRED 0. 0. 0. 0. 0. 50. 0.
54.223 1 ESTIMATOR 0. 0.
54.227 1 ENERGY 0. 0. 0 0.
54.257 1 NAVIGATION 0 2 0. 0. 0. 0. 0 0
54.275 1 GPS 0 0 0 0 0 0 0 0 0 0 1
54.325 1 WP_MOVED 5 360422. 4813583.5 75. 31
54.329 1 BAT 0 0 0 0 1 488 0 0
54.423 1 IMU_GYRO -0.008301 0.115967 -0.182861
54.426 1 GPS_SOL 0 0 0 0
54.505 1 NAVIGATION 0 2 0. 0. 0. 0. 0 0
54.533 1 GPS 0 0 0 0 0 0 0 0 0 0 1
54.537 1 NAVIGATION 0 2 0. 0. 0. 0. 0 0
54.621 1 ATTITUDE -0.043613 0.254749 -0.127728
54.718 1 ESTIMATOR 0. 0.
54.757 1 NAVIGATION 0 2 0. 0. 0. 0. 0 0
54.775 1 GPS 0 0 0 0 0 0 0 0 0 0 1
54.821 1 WP_MOVED 6 360165.8125 4813664.5 75. 31
55.007 1 NAVIGATION 0 2 0. 0. 0. 0. 0 0
55.026 1 GPS 0 0 0 0 0 0 0 0 0 0 1
55.109 1 DOWNLINK_STATUS 55 30569 1360 1 475. 20. 26.14
55.121 1 ATTITUDE -0.077655 0.335717 -0.03361
55.177 1 DESIRED 0. 0.01 0. 0. 0. 50. 0.
55.218 1 ESTIMATOR 0. 0.
55.256 1 NAVIGATION 0 2 0. 0. 0. 0. 0 0
55.275 1 GPS 0 0 0 0 0 0 0 0 0 0 1
55.322 1 WP_MOVED 7 360559.40625 4813804.5 75. 31
55.323 1 DL_VALUE 7 2.
55.420 1 BAT 0 0 0 0 1 489 0 0
55.506 1 NAVIGATION 0 2 0. 0. 0. 0. 0 0
55.535 1 GPS 0 0 0 0 0 0 0 0 0 0 1
55.539 1 NAVIGATION 0 2 0. 0. 0. 0. 0 0
55.543 1 IMU_GYRO -0.010498 0.057373 -0.041504
55.589 1 PONG 
55.620 1 ATTITUDE -0.092303 0.338135 0.019335
55.717 1 ESTIMATOR 0. 0.
55.757 1 NAVIGATION 0 2 0. 0. 0. 0. 0 0
55.775 1 GPS 0 0 0 0 0 0 0 0 0 0 1
55.822 1 WP_MOVED 8 360462.40625 4813640. 30. 31
55.824 1 CALIBRATION 0. 0
56.007 1 FBW_STATUS 2 0 1 0 0
56.011 1 NAVIGATION 0 2 0. 0. 0. 0. 0 0
56.026 1 GPS 0 0 0 0 0 0 0 0 0 0 1
56.101 1 COMMANDS 0,772,-881,0
56.110 1 DOWNLINK_STATUS 56 31064 1383 1 495. 23. 24.94
56.119 1 ATTITUDE -0.103799 0.357479 0.056846
56.202 1 ACTUATORS 0,1120,1487,1454,1538,1538
56.224 1 ESTIMATOR 0. 0.
56.230 1 DESIRED 0. 0.01 0. 0. 0. 50. 0.
56.255 1 NAVIGATION 0 2 0. 0. 0. 0. 0 0
56.277 1 GPS 0 0 0 0 0 0 0 0 0 0 1
56.319 1 WP_MOVED 9 360313.8125 4813652. 0. 31
56.418 1 GPS_SOL 0 0 0 0
56.505 1 NAVIGATION 0 2 0. 0. 0. 0. 0 0
56.535 1 GPS 0 0 0 0 0 0 0 0 0 0 1
56.539 1 NAVIGATION 0 2 0. 0. 0. 0. 0 0
56.543 1 BAT 0 0 0 0 1 490 0 0
56.622 1 ATTITUDE -0.067304 0.360905 -0.040175
56.625 1 IMU_GYRO 0.112793 -0.274414 -0.19458
56.721 1 ESTIMATOR 0. 0.
56.724 1 ENERGY 0. 0. 0 0.
56.756 1 NAVIGATION 0 2 0. 0. 0. 0. 0 0
56.775 1 GPS 0 0 0 0 0 0 0 0 0 0 1
56.829 1 WP_MOVED 10 360453.8125 4813581. 75. 31
56.831 1 DL_VALUE 8 0.
56.835 1 ALIVE 68,230,201,177,229,211,64,56,73,125,45,2,113,245,219,42
56.837 1 DOWNLINK 0 510 10654
56.917 1 PPRZ_MODE 2 0 0 0 0 6
57.008 1 NAVIGATION 0 2 0. 0. 0. 0. 0 0
57.024 1 GPS 0 0 0 0 0 0 0 0 0 0 1
57.111 1 DOWNLINK_STATUS 57 31615 1408 1 551. 25. 24.94
57.121 1 ATTITUDE -0.036402 0.369376 -0.095445
57.122 1 STATE_FILTER_STATUS 3 0
57.219 1 ESTIMATOR 0. 0.
57.256 1 NAVIGATION 0 2 0. 0. 0. 0. 0 0
57.282 1 GPS 0 0 0 0 0 0 0 0 0 0 1
57.288 1 DESIRED 0. 0. 0. 0. 0. 50. 0.
57.319 1 WP_MOVED 11 360170.5 4813757.5 75. 31
57.507 1 NAVIGATION 0 2 0. 0. 0. 0. 0 0
57.530 1 GPS 0 0 0 0 0 0 0 0 0 0 1
57.535 1 NAVIGATION 0 2 0. 0. 0. 0. 0 0
57.622 1 ATTITUDE -0.031291 0.398276 -0.119909
57.626 1 BAT 0 0 0 0 1 491 0 0
57.723 1 ESTIMATOR 0. 0.
57.726 1 IMU_GYRO 0.006348 0.014893 -0.034912
57.756 1 NAVIGATION 0 2 0. 0. 0. 0. 0 0
57.776 1 GPS 0 0 0 0 0 0 0 0 0 0 1
57.819 1 WP_MOVED 0 360327. 4813637. 75. 31
57.918 1 CALIBRATION 0. 0
58.010 1 NAVIGATION 0 2 0. 0. 0. 0. 0 0
58.012 1 FBW_STATUS 2 0 1 0 0
58.029 1 GPS 0 0 0 0 0 0 0 0 0 0 1
58.112 1 DOWNLINK_STATUS 58 32087 1429 1 472. 21. 24.94
58.120 1 ATTITUDE -0.031502 0.420676 -0.121061
58.218 1 ESTIMATOR 0. 0.
58.257 1 NAVIGATION 0 2 0. 0. 0. 0. 0 0
58.276 1 GPS 0 0 0 0 0 0 0 0 0 0 1
58.330 1 WP_MOVED 1 360285. 4813595. 75. 31
58.336 1 DESIRED 0. 0. 0. 0. 0. 50. 0.
58.338 1 DL_VALUE 9 1.
58.420 1 GPS_SOL 0 0 0 0
58.507 1 NAVIGATION 0 2 0. 0. 0. 0. 0 0
58.530 1 GPS 0 0 0 0 0 0 0 0 0 0 1
58.535 1 NAVIGATION 0 2 0. 0. 0. 0. 0 0
58.620 1 ATTITUDE -0.031826 0.44344 -0.122108
58.723 1 ESTIMATOR 0. 0.
58.726 1 BAT 0 0 0 0 1 492 0 0
58.755 1 NAVIGATION 0 2 0. 0. 0. 0. 0 0
58.775 1 GPS 0 0 0 0 0 0 0 0 0 0 1
58.825 1 WP_MOVED 2 360334.5 4813695. 75. 31
58.829 1 IMU_GYRO 0.006348 0.014893 -0.034912
59.007 1 NAVIGATION 0 2 0. 0. 0. 0. 0 0
59.024 1 GPS 0 0 0 0 0 0 0 0 0 0 1
59.113 1 DOWNLINK_STATUS 59 32553 1449 1 466. 20. 24.94
59.119 1 ATTITUDE -0.032349 0.466272 -0.122775
59.220 1 ESTIMATOR 0. 0.
59.223 1 ENERGY 0. 0. 0 0.
59.256 1 NAVIGATION 0 2 0. 0. 0. 0. 0 0
59.275 1 GPS 0 0 0 0 0 0 0 0 0 0 1
59.319 1 WP_MOVED 3 360295.09375 4813785. 75. 31
59.376 1 DESIRED 0. 0. 0. 0. 0. 50. 0.
59.506 1 NAVIGATION 0 2 0. 0. 0. 0. 0 0
59.530 1 GPS 0 0 0 0 0 0 0 0 0 0 1
59.534 1 NAVIGATION 0 2 0. 0. 0. 0. 0 0
59.618 1 ATTITUDE -0.032811 0.489181 -0.123317
59.719 1 ESTIMATOR 0. 0.
59.756 1 NAVIGATION 0 2 0. 0. 0. 0. 0 0
59.774 1 GPS 0 0 0 0 0 0 0 0 0 0 1
59.826 1 WP_MOVED 4 360417.3125 4813734. 75. 31
59.829 1 BAT 0 0 0 0 1 493 0 0
59.831 1 DL_VALUE 10 0.
59.918 1 IMU_GYRO 0.006348 0.013672 -0.032959
60.005 1 FBW_STATUS 2 0 1 0 0
60.010 1 NAVIGATION 0 2 0. 0. 0. 0. 0 0
60.028 1 GPS 0 0 0 0 0 0 0 0 0 0 1
60.030 1 CALIBRATION 0. 0
60.114 1 DOWNLINK_STATUS 60 33047 1471 1 494. 22. 24.94
60.118 1 ATTITUDE -0.033187 0.512157 -0.123844
60.217 1 ESTIMATOR 0. 0.
60.257 1 NAVIGATION 0 2 0. 0. 0. 0. 0 0
60.274 1 GPS 0 0 0 0 0 0 0 0 0 0 1
60.320 1 WP_MOVED 5 360422. 4813583.5 75. 31
60.430 1 DESIRED 0. 0. 0. 0. 0. 50. 0.
60.433 1 GPS_SOL 0 0 0 0
60.507 1 NAVIGATION 0 2 0. 0. 0. 0. 0 0
60.531 1 GPS 0 0 0 0 0 0 0 0 0 0 1
60.536 1 NAVIGATION 0 2 0. 0. 0. 0. 0 0
60.590 1 PONG 
60.619 1 ATTITUDE -0.033464 0.534885 -0.125543
60.716 1 ESTIMATOR 0. 0.
60.757 1 NAVIGATION 0 2 0. 0. 0. 0. 0 0
60.774 1 GPS 0 0 0 0 0 0 0 0 0 0 1
60.820 1 WP_MOVED 6 360165.8125 4813664.5 75. 31
60.919 1 BAT 0 0 0 0 1 494 0 0
61.006 1 NAVIGATION 0 2 0. 0. 0. 0. 0 0
61.028 1 GPS 0 0 0 0 0 0 0 0 0 0 1
61.031 1 IMU_GYRO 0.006348 0.028564 -0.032959
61.102 1 COMMANDS 0,250,2602,0
61.115 1 DOWNLINK_STATUS 61 33523 1492 1 476. 21. 24.81
61.120 1 ATTITUDE -0.034038 0.557582 -0.125872
61.203 1 ACTUATORS 0,1120,1619,1444,1513,1513
61.217 1 ESTIMATOR 0. 0.
61.255 1 NAVIGATION 0 2 0. 0. 0. 0. 0 0
61.274 1 GPS 0 0 0 0 0 0 0 0 0 0 1
61.323 1 WP_MOVED 7 360559.40625 4813804.5 75. 31
61.325 1 DL_VALUE 0 0.
61.477 1 DESIRED 0. 0. 0. 0. 0. 50. 0.
