1.858 1 GPS 0 0 0 0 0 0 0 0 0 0 1
1.862 1 IMU_GYRO 0.00415 0.02002 -0.039307
1.863 1 CALIBRATION 0. 0
1.956 1 ATTITUDE -0.067735 3.140711 -0.002053
1.957 1 STATE_FILTER_STATUS 3 0
2.055 1 ESTIMATOR 0. 0.
2.090 1 NAVIGATION 0 2 0. 0. 0. 0. 0 0
2.107 1 DOWNLINK_STATUS 2 1053 48 0 556. 26. 0.
2.108 1 GPS 0 0 0 0 0 0 0 0 0 0 1
2.158 1 WP_MOVED 11 360170.5 4813757.5 75. 31
2.259 1 DESIRED 0. 0.01 0. 0. 0. 50. 0.
2.260 1 DOWNLINK 0 488 254
2.342 1 NAVIGATION 0 2 0. 0. 0. 0. 0 0
2.358 1 GPS 0 0 0 0 0 0 0 0 0 0 1
2.363 1 NAVIGATION 0 2 0. 0. 0. 0. 0 0
2.456 1 ATTITUDE -0.06789 3.140897 -0.002574
2.555 1 ESTIMATOR 0. 0.
2.590 1 NAVIGATION 0 2 0. 0. 0. 0. 0 0
2.608 1 GPS 0 0 0 0 0 0 0 0 0 0 1
2.656 1 WP_MOVED 0 360327. 4813637. 75. 31
2.838 1 FBW_STATUS 2 0 1 0 0
2.844 1 NAVIGATION 0 2 0. 0. 0. 0. 0 0
2.858 1 GPS 0 0 0 0 0 0 0 0 0 0 1
2.862 1 BAT 0 0 0 0 1 12 0 0
2.956 1 ATTITUDE -0.068428 3.141201 -0.00158
2.959 1 IMU_GYRO 0. 0.025391 -0.039307
3.055 1 ESTIMATOR 0. 0.
3.090 1 NAVIGATION 0 2 0. 0. 0. 0. 0 0
3.107 1 DOWNLINK_STATUS 3 1516 68 0 463. 20. 0.
3.108 1 GPS 0 0 0 0 0 0 0 0 0 0 1
3.156 1 WP_MOVED 1 360285. 4813595. 75. 31
3.158 1 DL_VALUE 8 0.
3.255 1 GPS_SOL 0 0 0 0
3.308 1 DESIRED 0. 0.01 0. 0. 0. 50. 0.
3.341 1 NAVIGATION 0 2 0. 0. 0. 0. 0 0
3.358 1 GPS 0 0 0 0 0 0 0 0 0 0 1
3.363 1 NAVIGATION 0 2 0. 0. 0. 0. 0 0
3.456 1 ATTITUDE -0.068912 3.14099 -7.8e-05
3.555 1 ESTIMATOR 0. 0.
3.590 1 NAVIGATION 0 2 0. 0. 0. 0. 0 0
3.608 1 GPS 0 0 0 0 0 0 0 0 0 0 1
3.656 1 WP_MOVED 2 360334.5 4813695. 75. 31
3.841 1 NAVIGATION 0 2 0. 0. 0. 0. 0 0
3.859 1 GPS 0 0 0 0 0 0 0 0 0 0 1
3.956 1 ATTITUDE -0.067686 -3.141091 -0.003449
3.959 1 BAT 0 0 0 0 1 13 0 0
3.961 1 CALIBRATION 0. 0
4.055 1 ESTIMATOR 0. 0.
4.058 1 IMU_GYRO 0.008301 0.003174 -0.038086
4.061 1 ENERGY 0. 0. 0 0.
4.090 1 NAVIGATION 0 2 0. 0. 0. 0. 0 0
4.107 1 DOWNLINK_STATUS 4 2013 90 0 497. 22. 0.
4.108 1 GPS 0 0 0 0 0 0 0 0 0 0 1
4.156 1 WP_MOVED 3 360295.09375 4813785. 75. 31
4.342 1 NAVIGATION 0 2 0. 0. 0. 0. 0 0
4.358 1 GPS 0 0 0 0 0 0 0 0 0 0 1
4.363 1 NAVIGATION 0 2 0. 0. 0. 0. 0 0
4.369 1 DESIRED 0. 0.01 0. 0. 0. 50. 0.
4.456 1 ATTITUDE -0.068083 -3.140762 -0.00375
4.555 1 ESTIMATOR 0. 0.
4.590 1 NAVIGATION 0 2 0. 0. 0. 0. 0 0
4.608 1 GPS 0 0 0 0 0 0 0 0 0 0 1
4.656 1 WP_MOVED 4 360417.3125 4813734. 75. 31
4.658 1 DL_VALUE 9 1.
4.838 1 FBW_STATUS 2 0 1 0 0
4.843 1 NAVIGATION 0 2 0. 0. 0. 0. 0 0
4.858 1 GPS 0 0 0 0 0 0 0 0 0 0 1
4.956 1 ATTITUDE -0.068166 -3.140253 -0.003572
5.055 1 ESTIMATOR 0. 0.
5.058 1 BAT 0 0 0 0 1 14 0 0
5.090 1 NAVIGATION 0 2 0. 0. 0. 0. 0 0
5.107 1 DOWNLINK_STATUS 5 2458 109 0 445. 19. 0.
5.108 1 GPS 0 0 0 0 0 0 0 0 0 0 1
5.156 1 WP_MOVED 5 360422. 4813583.5 75. 31
5.159 1 IMU_GYRO 0.001953 0.023193 -0.039307
5.255 1 GPS_SOL 0 0 0 0
5.341 1 NAVIGATION 0 2 0. 0. 0. 0. 0 0
5.360 1 GPS 0 0 0 0 0 0 0 0 0 0 1
5.363 1 NAVIGATION 0 2 0. 0. 0. 0. 0 0
5.408 1 DESIRED 0. 0.01 0. 0. 0. 50. 0.
5.455 1 ATTITUDE -0.067306 -3.139497 -0.006428
5.555 1 ESTIMATOR 0. 0.
5.590 1 NAVIGATION 0 2 0. 0. 0. 0. 0 0
5.608 1 GPS 0 0 0 0 0 0 0 0 0 0 1
5.656 1 WP_MOVED 6 360165.8125 4813664.5 75. 31
5.840 1 NAVIGATION 0 2 0. 0. 0. 0. 0 0
5.858 1 GPS 0 0 0 0 0 0 0 0 0 0 1
5.938 1 COMMANDS 0,498,315,0
5.955 1 ATTITUDE -0.067353 -3.138525 -0.007412
6.039 1 ACTUATORS 0,1120,1527,1449,1525,1525
6.055 1 ESTIMATOR 0. 0.
6.057 1 CALIBRATION 0. 0
6.090 1 NAVIGATION 0 2 0. 0. 0. 0. 0 0
6.107 1 DOWNLINK_STATUS 6 2938 130 0 480. 21. -1.35311166437e+12
6.108 1 GPS 0 0 0 0 0 0 0 0 0 0 1
6.156 1 WP_MOVED 7 360559.40625 4813804.5 75. 31
6.159 1 BAT 0 0 0 0 1 15 0 0
6.161 1 DL_VALUE 10 0.
6.255 1 IMU_GYRO 0.00415 0.014893 -0.038086
6.341 1 NAVIGATION 0 2 0. 0. 0. 0. 0 0
6.358 1 GPS 0 0 0 0 0 0 0 0 0 0 1
6.363 1 NAVIGATION 0 2 0. 0. 0. 0. 0 0
6.455 1 ATTITUDE -0.067577 -3.137656 -0.007401
6.461 1 DESIRED 0. 0.01 0. 0. 0. 50. 0.
6.555 1 ESTIMATOR 0. 0.
6.560 1 ENERGY 0. 0. 0 0.
6.590 1 NAVIGATION 0 2 0. 0. 0. 0. 0 0
6.609 1 GPS 0 0 0 0 0 0 0 0 0 0 1
6.656 1 WP_MOVED 8 360462.40625 4813640. 30. 31
6.660 1 ALIVE 68,230,201,177,229,211,64,56,73,125,45,2,113,245,219,42
6.754 1 PPRZ_MODE 2 0 0 0 0 6
6.838 1 FBW_STATUS 2 0 1 0 0
6.843 1 NAVIGATION 0 2 0. 0. 0. 0. 0 0
6.858 1 GPS 0 0 0 0 0 0 0 0 0 0 1
6.955 1 ATTITUDE -0.067729 -3.136906 -0.007617
6.957 1 STATE_FILTER_STATUS 3 0
7.055 1 ESTIMATOR 0. 0.
7.090 1 NAVIGATION 0 2 0. 0. 0. 0. 0 0
7.108 1 DOWNLINK_STATUS 7 3465 154 0 527. 24. -1.35311166437e+12
7.108 1 GPS 0 0 0 0 0 0 0 0 0 0 1
7.156 1 WP_MOVED 9 360313.8125 4813652. 0. 31
7.256 1 BAT 0 0 0 0 1 16 0 0
7.259 1 GPS_SOL 0 0 0 0
7.341 1 NAVIGATION 0 2 0. 0. 0. 0. 0 0
7.359 1 GPS 0 0 0 0 0 0 0 0 0 0 1
7.362 1 NAVIGATION 0 2 0. 0. 0. 0. 0 0
7.366 1 IMU_GYRO 0.00415 0.016846 -0.038086
7.368 1 DOWNLINK 0 493 365
7.455 1 ATTITUDE -0.067747 -3.136162 -0.007951
7.509 1 DESIRED 0. 0.01 0. 0. 0. 50. 0.
7.555 1 ESTIMATOR 0. 0.
7.590 1 NAVIGATION 0 2 0. 0. 0. 0. 0 0
7.608 1 GPS 0 0 0 0 0 0 0 0 0 0 1
7.656 1 WP_MOVED 10 360453.8125 4813581. 75. 31
7.658 1 DL_VALUE 0 0.
7.841 1 NAVIGATION 0 2 0. 0. 0. 0. 0 0
7.858 1 GPS 0 0 0 0 0 0 0 0 0 0 1
7.956 1 ATTITUDE -0.068028 -3.135609 -0.007858
8.055 1 ESTIMATOR 0. 0.
8.090 1 NAVIGATION 0 2 0. 0. 0. 0. 0 0
8.107 1 DOWNLINK_STATUS 8 3942 175 0 477. 21. -1.35311166437e+12
8.108 1 GPS 0 0 0 0 0 0 0 0 0 0 1
8.156 1 WP_MOVED 11 360170.5 4813757.5 75. 31
8.158 1 CALIBRATION 0. 0
8.340 1 NAVIGATION 0 2 0. 0. 0. 0. 0 0
8.358 1 GPS 0 0 0 0 0 0 0 0 0 0 1
8.362 1 NAVIGATION 0 2 0. 0. 0. 0. 0 0
8.366 1 BAT 0 0 0 0 1 17 0 0
8.455 1 ATTITUDE -0.068367 -3.134873 -0.007766
8.458 1 IMU_GYRO 0.00415 0.014893 -0.038086
8.555 1 ESTIMATOR 0. 0.
8.561 1 DESIRED 0. 0.01 0. 0. 0. 50. 0.
8.590 1 NAVIGATION 0 2 0. 0. 0. 0. 0 0
8.608 1 GPS 0 0 0 0 0 0 0 0 0 0 1
8.656 1 WP_MOVED 0 360327. 4813637. 75. 31
8.838 1 FBW_STATUS 2 0 1 0 0
8.842 1 NAVIGATION 0 2 0. 0. 0. 0. 0 0
8.858 1 GPS 0 0 0 0 0 0 0 0 0 0 1
8.955 1 ATTITUDE -0.068393 -3.133863 -0.00839
9.055 1 ESTIMATOR 0. 0.
9.058 1 ENERGY 0. 0. 0 0.
9.090 1 NAVIGATION 0 2 0. 0. 0. 0. 0 0
9.107 1 DOWNLINK_STATUS 9 4425 196 0 483. 21. -1.35311166437e+12
9.108 1 GPS 0 0 0 0 0 0 0 0 0 0 1
9.156 1 WP_MOVED 1 360285. 4813595. 75. 31
9.158 1 DL_VALUE 1 0.
9.255 1 GPS_SOL 0 0 0 0
9.340 1 NAVIGATION 0 2 0. 0. 0. 0. 0 0
9.358 1 GPS 0 0 0 0 0 0 0 0 0 0 1
9.363 1 NAVIGATION 0 2 0. 0. 0. 0. 0 0
9.455 1 ATTITUDE -0.068722 -3.132873 -0.008037
9.459 1 BAT 0 0 0 0 1 18 0 0
9.555 1 ESTIMATOR 0. 0.
9.558 1 IMU_GYRO 0.001953 0.02002 -0.037109
9.590 1 NAVIGATION 0 2 0. 0. 0. 0. 0 0
9.608 1 GPS 0 0 0 0 0 0 0 0 0 0 1
9.614 1 DESIRED 0. 0.01 0. 0. 0. 50. 0.
9.656 1 WP_MOVED 2 360334.5 4813695. 75. 31
9.840 1 NAVIGATION 0 2 0. 0. 0. 0. 0 0
9.858 1 GPS 0 0 0 0 0 0 0 0 0 0 1
9.955 1 ATTITUDE -0.068881 -3.131999 -0.008038
10.055 1 ESTIMATOR 0. 0.
10.090 1 NAVIGATION 0 2 0. 0. 0. 0. 0 0
10.107 1 DOWNLINK_STATUS 10 4891 216 0 466. 20. -1.35311166437e+12
10.108 1 GPS 0 0 0 0 0 0 0 0 0 0 1
10.156 1 WP_MOVED 3 360295.09375 4813785. 75. 31
10.158 1 NAVIGATION_REF 360285 4813595 31
10.254 1 CALIBRATION 0. 0
10.340 1 NAVIGATION 0 2 0. 0. 0. 0. 0 0
10.358 1 GPS 0 0 0 0 0 0 0 0 0 0 1
10.363 1 NAVIGATION 0 2 0. 0. 0. 0. 0 0
10.455 1 ATTITUDE -0.068999 -3.131077 -0.007982
10.555 1 ESTIMATOR 0. 0.
10.558 1 BAT 0 0 0 0 1 19 0 0
10.590 1 NAVIGATION 0 2 0. 0. 0. 0. 0 0
10.608 1 GPS 0 0 0 0 0 0 0 0 0 0 1
10.656 1 WP_MOVED 4 360417.3125 4813734. 75. 31
10.661 1 DESIRED 0. 0.01 0. 0. 0. 50. 0.
10.665 1 IMU_GYRO 0.00415 0.019043 -0.037109
10.666 1 DL_VALUE 2 50.
10.838 1 FBW_STATUS 2 0 1 0 0
10.842 1 NAVIGATION 0 2 0. 0. 0. 0. 0 0
10.859 1 GPS 0 0 0 0 0 0 0 0 0 0 1
10.938 1 COMMANDS 0,510,322,0
10.955 1 ATTITUDE -0.068972 -3.130323 -0.007473
11.039 1 ACTUATORS 0,1120,1527,1449,1526,1526
11.054 1 ESTIMATOR 0. 0.
11.090 1 NAVIGATION 0 2 0. 0. 0. 0. 0 0
11.107 1 DOWNLINK_STATUS 11 5414 240 0 523. 24. -1.35311166937e+12
11.108 1 GPS 0 0 0 0 0 0 0 0 0 0 1
11.156 1 WP_MOVED 5 360422. 4813583.5 75. 31
11.255 1 GPS_SOL 0 0 0 0
11.340 1 NAVIGATION 0 2 0. 0. 0. 0. 0 0
11.360 1 GPS 0 0 0 0 0 0 0 0 0 0 1
11.362 1 NAVIGATION 0 2 0. 0. 0. 0. 0 0
11.455 1 ATTITUDE -0.068648 -3.129517 -0.008314
11.554 1 ESTIMATOR 0. 0.
11.558 1 ENERGY 0. 0. 0 0.
11.590 1 NAVIGATION 0 2 0. 0. 0. 0. 0 0
11.608 1 GPS 0 0 0 0 0 0 0 0 0 0 1
11.655 1 WP_MOVED 6 360165.8125 4813664.5 75. 31
11.659 1 BAT 0 0 0 0 1 20 0 0
11.663 1 ALIVE 68,230,201,177,229,211,64,56,73,125,45,2,113,245,219,42
11.708 1 DESIRED 0. 0.01 0. 0. 0. 50. 0.
11.755 1 IMU_GYRO 0.010498 -0.001953 -0.037109
11.757 1 PPRZ_MODE 2 0 0 0 0 6
11.840 1 NAVIGATION 0 2 0. 0. 0. 0. 0 0
11.858 1 GPS 0 0 0 0 0 0 0 0 0 0 1
11.955 1 ATTITUDE -0.068057 -3.128662 -0.009708
11.957 1 STATE_FILTER_STATUS 3 0
12.054 1 ESTIMATOR 0. 0.
12.063 1 WIND_INFO 1 42 0. 0. 0.
12.090 1 NAVIGATION 0 2 0. 0. 0. 0. 0 0
12.107 1 DOWNLINK_STATUS 12 5933 263 0 519. 23. -1.35311166937e+12
12.108 1 GPS 0 0 0 0 0 0 0 0 0 0 1
12.155 1 WP_MOVED 7 360559.40625 4813804.5 75. 31
12.157 1 DL_VALUE 3 0.
12.340 1 NAVIGATION 0 2 0. 0. 0. 0. 0 0
12.358 1 GPS 0 0 0 0 0 0 0 0 0 0 1
12.362 1 NAVIGATION 0 2 0. 0. 0. 0. 0 0
12.364 1 CALIBRATION 0. 0
12.455 1 ATTITUDE -0.068071 -3.127828 -0.009717
12.457 1 DOWNLINK 0 480 474
12.554 1 ESTIMATOR 0. 0.
12.590 1 NAVIGATION 0 2 0. 0. 0. 0. 0 0
12.608 1 GPS 0 0 0 0 0 0 0 0 0 0 1
12.655 1 WP_MOVED 8 360462.40625 4813640. 30. 31
12.759 1 DESIRED 0. 0.01 0. 0. 0. 50. 0.
12.761 1 BAT 0 0 0 0 1 21 0 0
12.838 1 FBW_STATUS 2 0 1 0 0
12.842 1 NAVIGATION 0 2 0. 0. 0. 0. 0 0
12.858 1 GPS 0 0 0 0 0 0 0 0 0 0 1
12.861 1 IMU_GYRO 0.006348 0.015869 -0.036133
12.955 1 ATTITUDE -0.067753 -3.126641 -0.010414
13.054 1 ESTIMATOR 0. 0.
13.090 1 NAVIGATION 0 2 0. 0. 0. 0. 0 0
13.107 1 DOWNLINK_STATUS 13 6418 285 0 485. 22. -1.35311166937e+12
13.108 1 GPS 0 0 0 0 0 0 0 0 0 0 1
13.155 1 WP_MOVED 9 360313.8125 4813652. 0. 31
13.255 1 GPS_SOL 0 0 0 0
13.340 1 NAVIGATION 0 2 0. 0. 0. 0. 0 0
13.358 1 GPS 0 0 0 0 0 0 0 0 0 0 1
13.362 1 NAVIGATION 0 2 0. 0. 0. 0. 0 0
13.455 1 ATTITUDE -0.068099 -3.126167 -0.009437
13.554 1 ESTIMATOR 0. 0.
13.590 1 NAVIGATION 0 2 0. 0. 0. 0. 0 0
13.608 1 GPS 0 0 0 0 0 0 0 0 0 0 1
13.655 1 WP_MOVED 10 360453.8125 4813581. 75. 31
13.657 1 DL_VALUE 4 0.
13.808 1 DESIRED 0. 0.01 0. 0. 0. 50. 0.
13.840 1 NAVIGATION 0 2 0. 0. 0. 0. 0 0
13.859 1 GPS 0 0 0 0 0 0 0 0 0 0 1
13.862 1 BAT 0 0 0 0 1 23 0 0
13.955 1 ATTITUDE -0.068485 -3.125911 -0.008207
13.958 1 IMU_GYRO 0.001953 0.025391 -0.038086
14.054 1 ESTIMATOR 0. 0.
14.058 1 ENERGY 0. 0. 0 0.
14.090 1 NAVIGATION 0 2 0. 0. 0. 0. 0 0
14.107 1 DOWNLINK_STATUS 14 6904 306 0 486. 21. -1.35311166937e+12
14.108 1 GPS 0 0 0 0 0 0 0 0 0 0 1
14.155 1 WP_MOVED 11 360170.5 4813757.5 75. 31
14.340 1 NAVIGATION 0 2 0. 0. 0. 0. 0 0
14.359 1 GPS 0 0 0 0 0 0 0 0 0 0 1
14.362 1 NAVIGATION 0 2 0. 0. 0. 0. 0 0
14.455 1 ATTITUDE -0.068335 -3.12534 -0.008331
14.457 1 CALIBRATION 0. 0
14.554 1 ESTIMATOR 0. 0.
14.590 1 NAVIGATION 0 2 0. 0. 0. 0. 0 0
14.608 1 GPS 0 0 0 0 0 0 0 0 0 0 1
14.655 1 WP_MOVED 0 360327. 4813637. 75. 31
14.840 1 NAVIGATION 0 2 0. 0. 0. 0. 0 0
14.842 1 FBW_STATUS 2 0 1 0 0
14.858 1 GPS 0 0 0 0 0 0 0 0 0 0 1
14.864 1 DESIRED 0. 0.01 0. 0. 0. 50. 0.
14.955 1 ATTITUDE -0.068255 -3.124762 -0.008636
14.958 1 BAT 0 0 0 0 1 24 0 0
15.054 1 ESTIMATOR 0. 0.
15.057 1 IMU_GYRO 0.00415 0.019043 -0.038086
15.090 1 NAVIGATION 0 2 0. 0. 0. 0. 0 0
15.108 1 GPS 0 0 0 0 0 0 0 0 0 0 1
15.108 1 DOWNLINK_STATUS 15 7400 327 0 496. 21. -1.35311166937e+12
15.155 1 WP_MOVED 1 360285. 4813595. 75. 31
15.157 1 DL_VALUE 5 0.
15.255 1 GPS_SOL 0 0 0 0
15.340 1 NAVIGATION 0 2 0. 0. 0. 0. 0 0
15.358 1 GPS 0 0 0 0 0 0 0 0 0 0 1
15.363 1 NAVIGATION 0 2 0. 0. 0. 0. 0 0
15.455 1 ATTITUDE -0.068106 -3.123978 -0.00842
15.554 1 ESTIMATOR 0. 0.
15.590 1 NAVIGATION 0 2 0. 0. 0. 0. 0 0
15.607 1 GPS 0 0 0 0 0 0 0 0 0 0 1
15.655 1 WP_MOVED 2 360334.5 4813695. 75. 31
15.840 1 NAVIGATION 0 2 0. 0. 0. 0. 0 0
15.858 1 GPS 0 0 0 0 0 0 0 0 0 0 1
15.909 1 DESIRED 0. 0.01 0. 0. 0. 50. 0.
15.938 1 COMMANDS 0,504,331,0
15.955 1 ATTITUDE -0.068111 -3.123255 -0.008045
16.038 1 ACTUATORS 0,1120,1528,1449,1526,1526
16.054 1 ESTIMATOR 0. 0.
16.058 1 BAT 0 0 0 0 1 25 0 0
16.091 1 NAVIGATION 0 2 0. 0. 0. 0. 0 0
16.107 1 GPS 0 0 0 0 0 0 0 0 0 0 1
16.109 1 DOWNLINK_STATUS 16 7882 348 0 482. 21. -1.35311167437e+12
16.155 1 WP_MOVED 3 360295.09375 4813785. 75. 31
16.158 1 IMU_GYRO 0.001953 0.02124 -0.039307
16.340 1 NAVIGATION 0 2 0. 0. 0. 0. 0 0
16.360 1 GPS 0 0 0 0 0 0 0 0 0 0 1
16.362 1 NAVIGATION 0 2 0. 0. 0. 0. 0 0
16.455 1 ATTITUDE -0.068217 -3.122351 -0.008188
16.554 1 ESTIMATOR 0. 0.
16.556 1 CALIBRATION 0. 0
16.560 1 ENERGY 0. 0. 0 0.
16.590 1 NAVIGATION 0 2 0. 0. 0. 0. 0 0
16.607 1 GPS 0 0 0 0 0 0 0 0 0 0 1
16.655 1 WP_MOVED 4 360417.3125 4813734. 75. 31
16.657 1 DL_VALUE 6 100.
16.661 1 ALIVE 68,230,201,177,229,211,64,56,73,125,45,2,113,245,219,42
16.754 1 PPRZ_MODE 2 0 0 0 0 6
16.840 1 NAVIGATION 0 2 0. 0. 0. 0. 0 0
16.842 1 FBW_STATUS 2 0 1 0 0
16.860 1 GPS 0 0 0 0 0 0 0 0 0 0 1
16.955 1 ATTITUDE -0.068219 -3.121599 -0.008314
16.961 1 DESIRED 0. 0.01 0. 0. 0. 50. 0.
16.962 1 STATE_FILTER_STATUS 3 0
17.054 1 ESTIMATOR 0. 0.
17.090 1 NAVIGATION 0 2 0. 0. 0. 0. 0 0
17.107 1 GPS 0 0 0 0 0 0 0 0 0 0 1
17.110 1 DOWNLINK_STATUS 17 8400 372 0 518. 24. -1.35311167437e+12
17.155 1 WP_MOVED 5 360422. 4813583.5 75. 31
17.159 1 BAT 0 0 0 0 1 26 0 0
17.255 1 IMU_GYRO 0.00415 0.016846 -0.037109
17.258 1 GPS_SOL 0 0 0 0
17.340 1 NAVIGATION 0 2 0. 0. 0. 0. 0 0
17.357 1 GPS 0 0 0 0 0 0 0 0 0 0 1
17.362 1 NAVIGATION 0 2 0. 0. 0. 0. 0 0
17.455 1 ATTITUDE -0.06797 -3.120463 -0.008974
17.554 1 ESTIMATOR 0. 0.
17.556 1 DOWNLINK 0 486 584
17.590 1 NAVIGATION 0 2 0. 0. 0. 0. 0 0
17.607 1 GPS 0 0 0 0 0 0 0 0 0 0 1
17.655 1 WP_MOVED 6 360165.8125 4813664.5 75. 31
17.840 1 NAVIGATION 0 2 0. 0. 0. 0. 0 0
17.857 1 GPS 0 0 0 0 0 0 0 0 0 0 1
17.955 1 ATTITUDE -0.06839 -3.120032 -0.00791
18.009 1 DESIRED 0. 0.01 0. 0. 0. 50. 0.
18.054 1 ESTIMATOR 0. 0.
18.089 1 NAVIGATION 0 2 0. 0. 0. 0. 0 0
18.107 1 GPS 0 0 0 0 0 0 0 0 0 0 1
18.111 1 DOWNLINK_STATUS 18 8866 392 0 466. 20. -1.35311167437e+12
18.155 1 WP_MOVED 7 360559.40625 4813804.5 75. 31
18.157 1 DL_VALUE 7 2.
18.256 1 BAT 0 0 0 0 1 27 0 0
18.340 1 NAVIGATION 0 2 0. 0. 0. 0. 0 0
18.357 1 GPS 0 0 0 0 0 0 0 0 0 0 1
18.362 1 NAVIGATION 0 2 0. 0. 0. 0. 0 0
18.365 1 IMU_GYRO 0.006348 0.007324 -0.036133
18.455 1 ATTITUDE -0.068169 -3.119144 -0.00815
18.554 1 ESTIMATOR 0. 0.
18.589 1 NAVIGATION 0 2 0. 0. 0. 0. 0 0
18.607 1 GPS 0 0 0 0 0 0 0 0 0 0 1
18.655 1 WP_MOVED 8 360462.40625 4813640. 30. 31
18.657 1 CALIBRATION 0. 0
18.837 1 FBW_STATUS 2 0 1 0 0
18.842 1 NAVIGATION 0 2 0. 0. 0. 0. 0 0
18.857 1 GPS 0 0 0 0 0 0 0 0 0 0 1
18.955 1 ATTITUDE -0.067741 -3.11806 -0.009107
19.054 1 ESTIMATOR 0. 0.
19.060 1 DESIRED 0. 0.01 0. 0. 0. 50. 0.
19.063 1 ENERGY 0. 0. 0 0.
19.089 1 NAVIGATION 0 2 0. 0. 0. 0. 0 0
19.107 1 GPS 0 0 0 0 0 0 0 0 0 0 1
19.112 1 DOWNLINK_STATUS 19 9360 414 0 494. 22. -1.35311167437e+12
19.155 1 WP_MOVED 9 360313.8125 4813652. 0. 31
19.158 1 NAVIGATION_REF 360285 4813595 31
19.254 1 GPS_SOL 0 0 0 0
19.340 1 NAVIGATION 0 2 0. 0. 0. 0. 0 0
19.357 1 GPS 0 0 0 0 0 0 0 0 0 0 1
19.363 1 NAVIGATION 0 2 0. 0. 0. 0. 0 0
19.366 1 BAT 0 0 0 0 1 28 0 0
19.455 1 ATTITUDE -0.066142 -3.117427 -0.011115
19.458 1 IMU_GYRO -0.012695 0.065918 -0.04248
19.554 1 ESTIMATOR 0. 0.
19.589 1 NAVIGATION 0 2 0. 0. 0. 0. 0 0
19.607 1 GPS 0 0 0 0 0 0 0 0 0 0 1
19.655 1 WP_MOVED 10 360453.8125 4813581. 75. 31
19.657 1 DL_VALUE 8 0.
19.839 1 NAVIGATION 0 2 0. 0. 0. 0. 0 0
19.857 1 GPS 0 0 0 0 0 0 0 0 0 0 1
19.955 1 ATTITUDE -0.060075 -3.115812 -0.014606
20.054 1 ESTIMATOR 0. 0.
20.089 1 NAVIGATION 0 2 0. 0. 0. 0. 0 0
20.107 1 GPS 0 0 0 0 0 0 0 0 0 0 1
20.112 1 DOWNLINK_STATUS 20 9807 434 0 447. 20. -1.35311167437e+12
20.113 1 DESIRED 0. 0. 0. 0. 0. 50. 0.
20.155 1 WP_MOVED 11 360170.5 4813757.5 75. 31
20.339 1 NAVIGATION 0 2 0. 0. 0. 0. 0 0
20.357 1 GPS 0 0 0 0 0 0 0 0 0 0 1
20.363 1 NAVIGATION 0 2 0. 0. 0. 0. 0 0
20.455 1 ATTITUDE -0.056149 -3.09534 -0.099417
20.458 1 BAT 0 0 0 0 1 29 0 0
20.554 1 ESTIMATOR 0. 0.
20.557 1 IMU_GYRO 0.029785 -0.235107 -0.055176
20.589 1 NAVIGATION 0 2 0. 0. 0. 0. 0 0
20.607 1 GPS 0 0 0 0 0 0 0 0 0 0 1
20.655 1 WP_MOVED 0 360327. 4813637. 75. 31
20.753 1 CALIBRATION 0. 0
20.837 1 FBW_STATUS 2 0 1 0 0
20.842 1 NAVIGATION 0 2 0. 0. 0. 0. 0 0
20.857 1 GPS 0 0 0 0 0 0 0 0 0 0 1
20.937 1 COMMANDS 0,368,3437,0
20.955 1 ATTITUDE -0.049819 -3.094413 -0.165746
21.038 1 ACTUATORS 0,1120,1655,1446,1519,1519
21.054 1 ESTIMATOR 0. 0.
21.089 1 NAVIGATION 0 2 0. 0. 0. 0. 0 0
21.107 1 GPS 0 0 0 0 0 0 0 0 0 0 1
21.113 1 DOWNLINK_STATUS 21 10304 456 0 497. 22. -1.35311167937e+12
21.155 1 WP_MOVED 1 360285. 4813595. 75. 31
21.161 1 DESIRED 0. 0.01 0. 0. 0. 50. 0.
21.163 1 DL_VALUE 9 1.
21.254 1 GPS_SOL 0 0 0 0
21.340 1 NAVIGATION 0 2 0. 0. 0. 0. 0 0
21.357 1 GPS 0 0 0 0 0 0 0 0 0 0 1
21.363 1 NAVIGATION 0 2 0. 0. 0. 0. 0 0
21.455 1 ATTITUDE -0.046983 -3.093293 -0.180854
21.554 1 ESTIMATOR 0. 0.
21.557 1 BAT 0 0 0 0 1 30 0 0
21.561 1 ENERGY 0. 0. 0 0.
21.589 1 NAVIGATION 0 2 0. 0. 0. 0. 0 0
21.607 1 GPS 0 0 0 0 0 0 0 0 0 0 1
21.655 1 WP_MOVED 2 360334.5 4813695. 75. 31
21.658 1 IMU_GYRO 0.02124 -0.052979 -0.041504
21.662 1 ALIVE 68,230,201,177,229,211,64,56,73,125,45,2,113,245,219,42
21.753 1 PPRZ_MODE 2 0 0 0 0 6
21.840 1 NAVIGATION 0 2 0. 0. 0. 0. 0 0
21.857 1 GPS 0 0 0 0 0 0 0 0 0 0 1
21.955 1 ATTITUDE -0.049148 -3.090661 -0.168789
21.956 1 STATE_FILTER_STATUS 3 0
22.054 1 ESTIMATOR 0. 0.
22.063 1 WIND_INFO 1 42 0. 0. 0.
22.089 1 NAVIGATION 0 2 0. 0. 0. 0. 0 0
22.107 1 GPS 0 0 0 0 0 0 0 0 0 0 1
22.114 1 DOWNLINK_STATUS 22 10834 480 0 530. 24. -1.35311167937e+12
22.155 1 WP_MOVED 3 360295.09375 4813785. 75. 31
22.207 1 DESIRED 0. 0.01 0. 0. 0. 50. 0.
22.340 1 NAVIGATION 0 2 0. 0. 0. 0. 0 0
22.357 1 GPS 0 0 0 0 0 0 0 0 0 0 1
22.363 1 NAVIGATION 0 2 0. 0. 0. 0. 0 0
22.454 1 ATTITUDE -0.063739 -3.071343 -0.010098
22.554 1 ESTIMATOR 0. 0.
22.589 1 NAVIGATION 0 2 0. 0. 0. 0. 0 0
22.607 1 GPS 0 0 0 0 0 0 0 0 0 0 1
22.655 1 WP_MOVED 4 360417.3125 4813734. 75. 31
22.658 1 BAT 0 0 0 0 1 31 0 0
22.660 1 DL_VALUE 10 0.
22.662 1 DOWNLINK 0 494 695
22.754 1 IMU_GYRO 0. 0.02002 -0.031738
22.839 1 NAVIGATION 0 2 0. 0. 0. 0. 0 0
22.842 1 FBW_STATUS 2 0 1 0 0
22.857 1 GPS 0 0 0 0 0 0 0 0 0 0 1
22.859 1 CALIBRATION 0. 0
22.954 1 ATTITUDE -0.06756 -3.064516 0.002185
23.054 1 ESTIMATOR 0. 0.
23.089 1 NAVIGATION 0 2 0. 0. 0. 0. 0 0
23.107 1 GPS 0 0 0 0 0 0 0 0 0 0 1
23.115 1 DOWNLINK_STATUS 23 11319 502 0 485. 22. -1.35311167937e+12
23.155 1 WP_MOVED 5 360422. 4813583.5 75. 31
23.257 1 DESIRED 0. 0.01 0. 0. 0. 50. 0.
23.260 1 GPS_SOL 0 0 0 0
23.340 1 NAVIGATION 0 2 0. 0. 0. 0. 0 0
23.357 1 GPS 0 0 0 0 0 0 0 0 0 0 1
23.365 1 NAVIGATION 0 2 0. 0. 0. 0. 0 0
23.454 1 ATTITUDE -0.150203 -3.035044 0.01761
23.554 1 ESTIMATOR 0. 0.
23.589 1 NAVIGATION 0 2 0. 0. 0. 0. 0 0
23.607 1 GPS 0 0 0 0 0 0 0 0 0 0 1
23.655 1 WP_MOVED 6 360165.8125 4813664.5 75. 31
23.755 1 BAT 0 0 0 0 1 32 0 0
23.840 1 NAVIGATION 0 2 0. 0. 0. 0. 0 0
23.857 1 GPS 0 0 0 0 0 0 0 0 0 0 1
23.860 1 IMU_GYRO -0.272217 -0.031738 -0.052979
23.954 1 ATTITUDE -0.370693 -3.050964 -0.065115
24.054 1 ESTIMATOR 0. 0.
24.057 1 ENERGY 0. 0. 0 0.
24.089 1 NAVIGATION 0 2 0. 0. 0. 0. 0 0
24.107 1 GPS 0 0 0 0 0 0 0 0 0 0 1
24.116 1 DOWNLINK_STATUS 24 11794 522 0 475. 20. -1.35311167937e+12
24.155 1 WP_MOVED 7 360559.40625 4813804.5 75. 31
24.157 1 DL_VALUE 0 0.
24.307 1 DESIRED 0. 0.05 0. 0. 0. 50. 0.
24.340 1 NAVIGATION 0 2 0. 0. 0. 0. 0 0
24.357 1 GPS 0 0 0 0 0 0 0 0 0 0 1
24.361 1 NAVIGATION 0 2 0. 0. 0. 0. 0 0
24.454 1 ATTITUDE -0.392561 -3.040415 -0.076767
24.554 1 ESTIMATOR 0. 0.
24.589 1 NAVIGATION 0 2 0. 0. 0. 0. 0 0
24.607 1 GPS 0 0 0 0 0 0 0 0 0 0 1
24.655 1 WP_MOVED 8 360462.40625 4813640. 30. 31
24.837 1 FBW_STATUS 2 0 1 0 0
24.841 1 NAVIGATION 0 2 0. 0. 0. 0. 0 0
24.857 1 GPS 0 0 0 0 0 0 0 0 0 0 1
24.860 1 BAT 0 0 0 0 1 34 0 0
24.954 1 ATTITUDE -0.324162 -3.043109 -0.067546
24.957 1 IMU_GYRO 0.357422 0.225586 -0.045654
24.959 1 CALIBRATION 0. 0
25.054 1 ESTIMATOR 0. 0.
25.089 1 NAVIGATION 0 2 0. 0. 0. 0. 0 0
25.107 1 GPS 0 0 0 0 0 0 0 0 0 0 1
25.117 1 DOWNLINK_STATUS 25 12268 543 0 474. 21. -1.35311167937e+12
25.155 1 WP_MOVED 9 360313.8125 4813652. 0. 31
25.254 1 GPS_SOL 0 0 0 0
25.339 1 NAVIGATION 0 2 0. 0. 0. 0. 0 0
25.357 1 GPS 0 0 0 0 0 0 0 0 0 0 1
25.361 1 NAVIGATION 0 2 0. 0. 0. 0. 0 0
25.369 1 DESIRED 0. 0. 0. 0. 0. 50. 0.
25.454 1 ATTITUDE 0.041625 -3.042381 -0.045844
25.554 1 ESTIMATOR 0. 0.
25.589 1 NAVIGATION 0 2 0. 0. 0. 0. 0 0
25.607 1 GPS 0 0 0 0 0 0 0 0 0 0 1
25.655 1 WP_MOVED 10 360453.8125 4813581. 75. 31
25.657 1 DL_VALUE 1 0.
25.839 1 NAVIGATION 0 2 0. 0. 0. 0. 0 0
25.857 1 GPS 0 0 0 0 0 0 0 0 0 0 1
25.937 1 COMMANDS 0,-2299,2124,0
25.954 1 ATTITUDE 0.306881 -3.101406 -0.067854
25.958 1 BAT 0 0 0 0 1 35 0 0
26.038 1 ACTUATORS 0,1120,1602,1404,1376,1376
26.054 1 ESTIMATOR 0. 0.
26.057 1 IMU_GYRO 0.427734 0.065918 -0.093506
26.089 1 NAVIGATION 0 2 0. 0. 0. 0. 0 0
26.107 1 GPS 0 0 0 0 0 0 0 0 0 0 1
26.118 1 DOWNLINK_STATUS 26 12768 565 0 500. 22. -1.35311168437e+12
26.155 1 WP_MOVED 11 360170.5 4813757.5 75. 31
26.339 1 NAVIGATION 0 2 0. 0. 0. 0. 0 0
26.357 1 GPS 0 0 0 0 0 0 0 0 0 0 1
26.361 1 NAVIGATION 0 2 0. 0. 0. 0. 0 0
26.408 1 DESIRED 0. 0.04 0. 0. 0. 50. 0.
26.454 1 ATTITUDE 0.35916 -3.094696 -0.065516
26.554 1 ESTIMATOR 0. 0.
26.557 1 ENERGY 0. 0. 0 0.
26.589 1 NAVIGATION 0 2 0. 0. 0. 0. 0 0
26.607 1 GPS 0 0 0 0 0 0 0 0 0 0 1
26.655 1 WP_MOVED 0 360327. 4813637. 75. 31
26.659 1 ALIVE 68,230,201,177,229,211,64,56,73,125,45,2,113,245,219,42
26.753 1 PPRZ_MODE 2 0 0 0 0 6
26.837 1 FBW_STATUS 2 0 1 0 0
26.841 1 NAVIGATION 0 2 0. 0. 0. 0. 0 0
26.857 1 GPS 0 0 0 0 0 0 0 0 0 0 1
26.954 1 ATTITUDE 0.229298 -3.082523 -0.064775
26.956 1 STATE_FILTER_STATUS 3 0
27.054 1 ESTIMATOR 0. 0.
27.057 1 BAT 0 0 0 0 1 36 0 0
27.059 1 CALIBRATION 0. 0
27.089 1 NAVIGATION 0 2 0. 0. 0. 0. 0 0
27.107 1 GPS 0 0 0 0 0 0 0 0 0 0 1
27.119 1 DOWNLINK_STATUS 27 13277 588 0 509. 23. -1.35311168437e+12
27.155 1 WP_MOVED 1 360285. 4813595. 75. 31
27.158 1 IMU_GYRO -0.493652 0.296875 0.101074
27.160 1 DL_VALUE 2 50.
27.254 1 GPS_SOL 0 0 0 0
27.339 1 NAVIGATION 0 2 0. 0. 0. 0. 0 0
27.357 1 GPS 0 0 0 0 0 0 0 0 0 0 1
27.361 1 NAVIGATION 0 2 0. 0. 0. 0. 0 0
27.454 1 ATTITUDE -0.040679 -3.047818 -0.043358
27.460 1 DESIRED 0. 0.01 0. 0. 0. 50. 0.
27.553 1 ESTIMATOR 0. 0.
27.589 1 NAVIGATION 0 2 0. 0. 0. 0. 0 0
27.607 1 GPS 0 0 0 0 0 0 0 0 0 0 1
27.655 1 WP_MOVED 2 360334.5 4813695. 75. 31
27.753 1 DOWNLINK 0 481 804
27.839 1 NAVIGATION 0 2 0. 0. 0. 0. 0 0
27.857 1 GPS 0 0 0 0 0 0 0 0 0 0 1
27.954 1 ATTITUDE -0.08021 -3.051664 0.021506
28.053 1 ESTIMATOR 0. 0.
28.089 1 NAVIGATION 0 2 0. 0. 0. 0. 0 0
28.107 1 GPS 0 0 0 0 0 0 0 0 0 0 1
28.120 1 DOWNLINK_STATUS 28 13734 608 0 457. 20. -1.35311168437e+12
28.155 1 WP_MOVED 3 360295.09375 4813785. 75. 31
28.158 1 BAT 0 0 0 0 1 37 0 0
28.161 1 NAVIGATION_REF 360285 4813595 31
28.254 1 IMU_GYRO 0.127686 0.139404 0.064697
28.339 1 NAVIGATION 0 2 0. 0. 0. 0. 0 0
28.357 1 GPS 0 0 0 0 0 0 0 0 0 0 1
28.361 1 NAVIGATION 0 2 0. 0. 0. 0. 0 0
28.454 1 ATTITUDE -0.025162 -2.938467 0.498106
28.507 1 DESIRED 0. 0. 0. 0. 0. 50. 0.
28.553 1 ESTIMATOR 0. 0.
28.589 1 NAVIGATION 0 2 0. 0. 0. 0. 0 0
28.607 1 GPS 0 0 0 0 0 0 0 0 0 0 1
28.654 1 WP_MOVED 4 360417.3125 4813734. 75. 31
28.656 1 DL_VALUE 3 0.
28.837 1 FBW_STATUS 2 0 1 0 0
28.841 1 NAVIGATION 0 2 0. 0. 0. 0. 0 0
28.857 1 GPS 0 0 0 0 0 0 0 0 0 0 1
28.954 1 ATTITUDE -0.037886 -2.950246 0.109782
29.053 1 ESTIMATOR 0. 0.
29.057 1 ENERGY 0. 0. 0 0.
29.089 1 NAVIGATION 0 2 0. 0. 0. 0. 0 0
29.107 1 GPS 0 0 0 0 0 0 0 0 0 0 1
29.121 1 DOWNLINK_STATUS 29 14232 630 0 498. 22. -1.35311168437e+12
29.154 1 WP_MOVED 5 360422. 4813583.5 75. 31
29.156 1 CALIBRATION 0. 0
29.254 1 BAT 0 0 0 0 1 38 0 0
29.257 1 GPS_SOL 0 0 0 0
29.339 1 NAVIGATION 0 2 0. 0. 0. 0. 0 0
29.357 1 GPS 0 0 0 0 0 0 0 0 0 0 1
29.361 1 NAVIGATION 0 2 0. 0. 0. 0. 0 0
29.364 1 IMU_GYRO 0.638428 -0.252197 -0.242432
29.454 1 ATTITUDE 0.042565 -3.067059 -0.313791
29.553 1 ESTIMATOR 0. 0.
29.559 1 DESIRED 0. 0.02 0. 0. 0. 50. 0.
29.589 1 NAVIGATION 0 2 0. 0. 0. 0. 0 0
29.607 1 GPS 0 0 0 0 0 0 0 0 0 0 1
29.654 1 WP_MOVED 6 360165.8125 4813664.5 75. 31
29.839 1 NAVIGATION 0 2 0. 0. 0. 0. 0 0
29.857 1 GPS 0 0 0 0 0 0 0 0 0 0 1
29.954 1 ATTITUDE 0.22244 -2.960215 0.090921
30.053 1 ESTIMATOR 0. 0.
30.089 1 NAVIGATION 0 2 0. 0. 0. 0. 0 0
30.107 1 GPS 0 0 0 0 0 0 0 0 0 0 1
30.122 1 DOWNLINK_STATUS 30 14698 650 0 466. 20. -1.35311168437e+12
30.154 1 WP_MOVED 7 360559.40625 4813804.5 75. 31
30.156 1 DL_VALUE 4 0.
30.339 1 NAVIGATION 0 2 0. 0. 0. 0. 0 0
30.357 1 GPS 0 0 0 0 0 0 0 0 0 0 1
30.361 1 NAVIGATION 0 2 0. 0. 0. 0. 0 0
30.365 1 BAT 0 0 0 0 1 39 0 0
30.454 1 ATTITUDE 0.069869 -2.894206 0.040633
30.457 1 IMU_GYRO -1.287598 1.011963 0.171143
30.553 1 ESTIMATOR 0. 0.
30.589 1 NAVIGATION 0 2 0. 0. 0. 0. 0 0
30.607 1 GPS 0 0 0 0 0 0 0 0 0 0 1
30.613 1 DESIRED 0. 0.01 0. 0. 0. 50. 0.
30.654 1 WP_MOVED 8 360462.40625 4813640. 30. 31
30.837 1 FBW_STATUS 2 0 1 0 0
30.841 1 NAVIGATION 0 2 0. 0. 0. 0. 0 0
30.857 1 GPS 0 0 0 0 0 0 0 0 0 0 1
30.937 1 COMMANDS 0,1364,2397,0
30.954 1 ATTITUDE -0.179881 -3.139694 -0.116864
31.037 1 ACTUATORS 0,1120,1733,1453,1535,1535
31.053 1 ESTIMATOR 0. 0.
31.089 1 NAVIGATION 0 2 0. 0. 0. 0. 0 0
31.107 1 GPS 0 0 0 0 0 0 0 0 0 0 1
31.123 1 DOWNLINK_STATUS 31 15195 672 0 497. 22. -1.35311168937e+12
31.154 1 WP_MOVED 9 360313.8125 4813652. 0. 31
31.254 1 GPS_SOL 0 0 0 0
31.256 1 CALIBRATION 0. 0
31.339 1 NAVIGATION 0 2 0. 0. 0. 0. 0 0
31.357 1 GPS 0 0 0 0 0 0 0 0 0 0 1
31.361 1 NAVIGATION 0 2 0. 0. 0. 0. 0 0
31.455 1 ATTITUDE 0.011212 -2.982909 0.161849
31.457 1 BAT 0 0 0 0 1 40 0 0
31.553 1 ESTIMATOR 0. 0.
31.556 1 IMU_GYRO -0.695801 0.38501 0.644775
31.560 1 ENERGY 0. 0. 0 0.
31.589 1 NAVIGATION 0 2 0. 0. 0. 0. 0 0
31.607 1 GPS 0 0 0 0 0 0 0 0 0 0 1
31.654 1 WP_MOVED 10 360453.8125 4813581. 75. 31
31.660 1 DESIRED 0. 0.01 0. 0. 0. 50. 0.
31.662 1 DL_VALUE 5 0.
31.666 1 ALIVE 68,230,201,177,229,211,64,56,73,125,45,2,113,245,219,42
31.753 1 PPRZ_MODE 2 0 0 0 0 6
31.839 1 NAVIGATION 0 2 0. 0. 0. 0. 0 0
31.857 1 GPS 0 0 0 0 0 0 0 0 0 0 1
31.954 1 ATTITUDE -0.060903 2.942668 -0.062139
31.955 1 STATE_FILTER_STATUS 3 0
32.053 1 ESTIMATOR 0. 0.
32.064 1 WIND_INFO 1 42 0. 0. 0.
32.089 1 NAVIGATION 0 2 0. 0. 0. 0. 0 0
32.106 1 GPS 0 0 0 0 0 0 0 0 0 0 1
32.124 1 DOWNLINK_STATUS 32 15736 697 0 541. 25. -1.35311168937e+12
32.154 1 WP_MOVED 11 360170.5 4813757.5 75. 31
32.339 1 NAVIGATION 0 2 0. 0. 0. 0. 0 0
32.357 1 GPS 0 0 0 0 0 0 0 0 0 0 1
32.361 1 NAVIGATION 0 2 0. 0. 0. 0. 0 0
32.454 1 ATTITUDE -0.044716 -2.973118 0.039476
32.553 1 ESTIMATOR 0. 0.
32.557 1 BAT 0 0 0 0 1 41 0 0
32.589 1 NAVIGATION 0 2 0. 0. 0. 0. 0 0
32.606 1 GPS 0 0 0 0 0 0 0 0 0 0 1
32.654 1 WP_MOVED 0 360327. 4813637. 75. 31
32.657 1 IMU_GYRO 0.221191 -0.069092 0.298828
32.707 1 DESIRED 0. 0.01 0. 0. 0. 50. 0.
32.839 1 NAVIGATION 0 2 0. 0. 0. 0. 0 0
32.841 1 FBW_STATUS 2 0 1 0 0
32.856 1 GPS 0 0 0 0 0 0 0 0 0 0 1
32.858 1 DOWNLINK 0 494 915
32.954 1 ATTITUDE -0.058382 -2.999595 0.002291
33.053 1 ESTIMATOR 0. 0.
33.089 1 NAVIGATION 0 2 0. 0. 0. 0. 0 0
33.106 1 GPS 0 0 0 0 0 0 0 0 0 0 1
33.125 1 DOWNLINK_STATUS 33 16199 717 0 463. 20. -1.35311168937e+12
33.154 1 WP_MOVED 1 360285. 4813595. 75. 31
33.156 1 DL_VALUE 6 100.
33.254 1 GPS_SOL 0 0 0 0
33.339 1 NAVIGATION 0 2 0. 0. 0. 0. 0 0
33.356 1 GPS 0 0 0 0 0 0 0 0 0 0 1
33.361 1 NAVIGATION 0 2 0. 0. 0. 0. 0 0
33.363 1 CALIBRATION 0. 0
33.454 1 ATTITUDE -0.078796 -3.040966 0.009737
33.553 1 ESTIMATOR 0. 0.
33.589 1 NAVIGATION 0 2 0. 0. 0. 0. 0 0
33.606 1 GPS 0 0 0 0 0 0 0 0 0 0 1
33.654 1 WP_MOVED 2 360334.5 4813695. 75. 31
33.658 1 BAT 0 0 0 0 1 42 0 0
33.757 1 DESIRED 0. 0.01 0. 0. 0. 50. 0.
33.760 1 IMU_GYRO -0.348877 0.272217 -0.178711
33.839 1 NAVIGATION 0 2 0. 0. 0. 0. 0 0
33.856 1 GPS 0 0 0 0 0 0 0 0 0 0 1
33.954 1 ATTITUDE -0.042761 -3.040349 -0.019603
34.053 1 ESTIMATOR 0. 0.
34.057 1 ENERGY 0. 0. 0 0.
34.089 1 NAVIGATION 0 2 0. 0. 0. 0. 0 0
34.106 1 GPS 0 0 0 0 0 0 0 0 0 0 1
34.126 1 DOWNLINK_STATUS 34 16696 739 0 497. 22. -1.35311168937e+12
34.154 1 WP_MOVED 3 360295.09375 4813785. 75. 31
34.339 1 NAVIGATION 0 2 0. 0. 0. 0. 0 0
34.356 1 GPS 0 0 0 0 0 0 0 0 0 0 1
34.361 1 NAVIGATION 0 2 0. 0. 0. 0. 0 0
34.454 1 ATTITUDE -0.068079 -3.046541 -0.012467
34.553 1 ESTIMATOR 0. 0.
34.588 1 NAVIGATION 0 2 0. 0. 0. 0. 0 0
34.606 1 GPS 0 0 0 0 0 0 0 0 0 0 1
34.654 1 WP_MOVED 4 360417.3125 4813734. 75. 31
34.656 1 DL_VALUE 7 2.
34.754 1 BAT 0 0 0 0 1 43 0 0
34.808 1 DESIRED 0. 0.01 0. 0. 0. 50. 0.
34.837 1 FBW_STATUS 2 0 1 0 0
34.841 1 NAVIGATION 0 2 0. 0. 0. 0. 0 0
34.856 1 GPS 0 0 0 0 0 0 0 0 0 0 1
34.859 1 IMU_GYRO 0.272217 0.392578 -0.217041
34.954 1 ATTITUDE -0.048518 -3.109157 0.011669
35.053 1 ESTIMATOR 0. 0.
35.088 1 NAVIGATION 0 2 0. 0. 0. 0. 0 0
35.106 1 GPS 0 0 0 0 0 0 0 0 0 0 1
35.127 1 DOWNLINK_STATUS 35 17159 759 0 463. 20. -1.35311168937e+12
35.154 1 WP_MOVED 5 360422. 4813583.5 75. 31
35.254 1 GPS_SOL 0 0 0 0
35.339 1 NAVIGATION 0 2 0. 0. 0. 0. 0 0
35.357 1 GPS 0 0 0 0 0 0 0 0 0 0 1
35.361 1 NAVIGATION 0 2 0. 0. 0. 0. 0 0
35.454 1 ATTITUDE -0.074107 -3.028008 -0.004368
35.456 1 CALIBRATION 0. 0
35.553 1 ESTIMATOR 0. 0.
35.589 1 NAVIGATION 0 2 0. 0. 0. 0. 0 0
35.606 1 GPS 0 0 0 0 0 0 0 0 0 0 1
35.654 1 WP_MOVED 6 360165.8125 4813664.5 75. 31
35.840 1 NAVIGATION 0 2 0. 0. 0. 0. 0 0
35.856 1 GPS 0 0 0 0 0 0 0 0 0 0 1
35.862 1 DESIRED 0. 0. 0. 0. 0. 50. 0.
35.866 1 BAT 0 0 0 0 1 45 0 0
35.936 1 COMMANDS 0,149,663,0
35.954 1 ATTITUDE -0.010479 3.102338 -0.026574
35.957 1 IMU_GYRO 1.640869 0.289307 -0.192383
36.038 1 ACTUATORS 0,1120,1537,1440,1498,1498
36.053 1 ESTIMATOR 0. 0.
36.088 1 NAVIGATION 0 2 0. 0. 0. 0. 0 0
36.106 1 GPS 0 0 0 0 0 0 0 0 0 0 1
36.128 1 DOWNLINK_STATUS 36 17659 781 0 500. 22. -1.35311169437e+12
36.154 1 WP_MOVED 7 360559.40625 4813804.5 75. 31
36.156 1 DL_VALUE 8 0.
36.340 1 NAVIGATION 0 2 0. 0. 0. 0. 0 0
36.356 1 GPS 0 0 0 0 0 0 0 0 0 0 1
36.361 1 NAVIGATION 0 2 0. 0. 0. 0. 0 0
36.454 1 ATTITUDE -0.070874 -3.120677 -0.033563
36.553 1 ESTIMATOR 0. 0.
36.556 1 ENERGY 0. 0. 0 0.
36.588 1 NAVIGATION 0 2 0. 0. 0. 0. 0 0
36.606 1 GPS 0 0 0 0 0 0 0 0 0 0 1
36.654 1 WP_MOVED 8 360462.40625 4813640. 30. 31
36.659 1 ALIVE 68,230,201,177,229,211,64,56,73,125,45,2,113,245,219,42
36.753 1 PPRZ_MODE 2 0 0 0 0 6
36.836 1 FBW_STATUS 2 0 1 0 0
36.841 1 NAVIGATION 0 2 0. 0. 0. 0. 0 0
36.856 1 GPS 0 0 0 0 0 0 0 0 0 0 1
36.907 1 DESIRED 0. 0.01 0. 0. 0. 50. 0.
36.954 1 ATTITUDE -0.075299 -3.08153 -0.025908
36.957 1 BAT 0 0 0 0 1 46 0 0
36.959 1 STATE_FILTER_STATUS 3 0
37.053 1 ESTIMATOR 0. 0.
37.056 1 IMU_GYRO 0.549072 -1.478027 0.977783
37.089 1 NAVIGATION 0 2 0. 0. 0. 0. 0 0
37.106 1 GPS 0 0 0 0 0 0 0 0 0 0 1
37.129 1 DOWNLINK_STATUS 37 18186 805 0 527. 24. -1.35311169437e+12
37.154 1 WP_MOVED 9 360313.8125 4813652. 0. 31
37.157 1 NAVIGATION_REF 360285 4813595 31
37.253 1 GPS_SOL 0 0 0 0
37.340 1 NAVIGATION 0 2 0. 0. 0. 0. 0 0
37.356 1 GPS 0 0 0 0 0 0 0 0 0 0 1
37.361 1 NAVIGATION 0 2 0. 0. 0. 0. 0 0
37.454 1 ATTITUDE 0.000305 -2.93442 -0.030431
37.553 1 ESTIMATOR 0. 0.
37.555 1 CALIBRATION 0. 0
37.588 1 NAVIGATION 0 2 0. 0. 0. 0. 0 0
37.606 1 GPS 0 0 0 0 0 0 0 0 0 0 1
37.654 1 WP_MOVED 10 360453.8125 4813581. 75. 31
37.656 1 DL_VALUE 9 1.
37.839 1 NAVIGATION 0 2 0. 0. 0. 0. 0 0
37.856 1 GPS 0 0 0 0 0 0 0 0 0 0 1
37.954 1 ATTITUDE -0.072163 -2.999752 -0.019961
37.959 1 DESIRED 0. 0.01 0. 0. 0. 50. 0.
37.961 1 DOWNLINK 0 484 1025
38.053 1 ESTIMATOR 0. 0.
38.056 1 BAT 0 0 0 0 1 47 0 0
38.088 1 NAVIGATION 0 2 0. 0. 0. 0. 0 0
38.106 1 GPS 0 0 0 0 0 0 0 0 0 0 1
38.130 1 DOWNLINK_STATUS 38 18671 827 0 485. 22. -1.35311169437e+12
38.154 1 WP_MOVED 11 360170.5 4813757.5 75. 31
38.157 1 IMU_GYRO 0.029785 -0.083984 -0.048828
38.340 1 NAVIGATION 0 2 0. 0. 0. 0. 0 0
38.356 1 GPS 0 0 0 0 0 0 0 0 0 0 1
38.361 1 NAVIGATION 0 2 0. 0. 0. 0. 0 0
38.454 1 ATTITUDE -0.063502 -2.998085 -0.03988
38.553 1 ESTIMATOR 0. 0.
38.588 1 NAVIGATION 0 2 0. 0. 0. 0. 0 0
38.606 1 GPS 0 0 0 0 0 0 0 0 0 0 1
38.654 1 WP_MOVED 0 360327. 4813637. 75. 31
38.839 1 NAVIGATION 0 2 0. 0. 0. 0. 0 0
38.841 1 FBW_STATUS 2 0 1 0 0
38.856 1 GPS 0 0 0 0 0 0 0 0 0 0 1
38.954 1 ATTITUDE -0.066191 -2.997992 -0.03343
39.006 1 DESIRED 0. 0.01 0. 0. 0. 50. 0.
39.053 1 ESTIMATOR 0. 0.
39.056 1 ENERGY 0. 0. 0 0.
39.088 1 NAVIGATION 0 2 0. 0. 0. 0. 0 0
39.106 1 GPS 0 0 0 0 0 0 0 0 0 0 1
39.131 1 DOWNLINK_STATUS 39 19123 846 0 452. 19. -1.35311169437e+12
39.154 1 WP_MOVED 1 360285. 4813595. 75. 31
39.157 1 BAT 0 0 0 0 1 48 0 0
39.159 1 DL_VALUE 10 0.
39.254 1 IMU_GYRO 0.010498 -0.039307 -0.051025
39.256 1 GPS_SOL 0 0 0 0
39.340 1 NAVIGATION 0 2 0. 0. 0. 0. 0 0
39.356 1 GPS 0 0 0 0 0 0 0 0 0 0 1
39.361 1 NAVIGATION 0 2 0. 0. 0. 0. 0 0
39.453 1 ATTITUDE -0.066194 -2.997649 -0.031858
39.553 1 ESTIMATOR 0. 0.
39.588 1 NAVIGATION 0 2 0. 0. 0. 0. 0 0
39.606 1 GPS 0 0 0 0 0 0 0 0 0 0 1
39.654 1 WP_MOVED 2 360334.5 4813695. 75. 31
39.656 1 CALIBRATION 0. 0
39.839 1 NAVIGATION 0 2 0. 0. 0. 0. 0 0
39.856 1 GPS 0 0 0 0 0 0 0 0 0 0 1
39.953 1 ATTITUDE -0.06766 -2.999721 -0.030657
40.053 1 ESTIMATOR 0. 0.
40.059 1 DESIRED 0. 0.01 0. 0. 0. 50. 0.
40.088 1 NAVIGATION 0 2 0. 0. 0. 0. 0 0
40.106 1 GPS 0 0 0 0 0 0 0 0 0 0 1
40.132 1 DOWNLINK_STATUS 40 19600 867 0 477. 21. -1.35311169437e+12
40.154 1 WP_MOVED 3 360295.09375 4813785. 75. 31
40.254 1 BAT 0 0 0 0 1 49 0 0
40.339 1 NAVIGATION 0 2 0. 0. 0. 0. 0 0
40.356 1 GPS 0 0 0 0 0 0 0 0 0 0 1
40.361 1 NAVIGATION 0 2 0. 0. 0. 0. 0 0
40.364 1 IMU_GYRO 0. 0.038086 -0.033936
40.453 1 ATTITUDE -0.068936 -3.000743 -0.026568
40.553 1 ESTIMATOR 0. 0.
40.588 1 NAVIGATION 0 2 0. 0. 0. 0. 0 0
40.606 1 GPS 0 0 0 0 0 0 0 0 0 0 1
40.654 1 WP_MOVED 4 360417.3125 4813734. 75. 31
40.656 1 DL_VALUE 0 0.
40.836 1 FBW_STATUS 2 0 1 0 0
40.841 1 NAVIGATION 0 2 0. 0. 0. 0. 0 0
40.856 1 GPS 0 0 0 0 0 0 0 0 0 0 1
40.936 1 COMMANDS 0,503,796,0
40.953 1 ATTITUDE -0.068167 -3.000849 -0.031055
41.037 1 ACTUATORS 0,1120,1546,1449,1525,1525
41.053 1 ESTIMATOR 0. 0.
41.088 1 NAVIGATION 0 2 0. 0. 0. 0. 0 0
41.106 1 GPS 0 0 0 0 0 0 0 0 0 0 1
41.112 1 DESIRED 0. 0.01 0. 0. 0. 50. 0.
41.133 1 DOWNLINK_STATUS 41 20097 889 0 497. 22. -1.35311169937e+12
41.154 1 WP_MOVED 5 360422. 4813583.5 75. 31
41.253 1 GPS_SOL 0 0 0 0
41.339 1 NAVIGATION 0 2 0. 0. 0. 0. 0 0
41.356 1 GPS 0 0 0 0 0 0 0 0 0 0 1
41.360 1 NAVIGATION 0 2 0. 0. 0. 0. 0 0
41.364 1 BAT 0 0 0 0 1 50 0 0
41.453 1 ATTITUDE -0.069654 -2.999178 -0.024601
41.456 1 IMU_GYRO 0.001953 0.023193 -0.039307
41.553 1 ESTIMATOR 0. 0.
41.556 1 ENERGY 0. 0. 0 0.
41.588 1 NAVIGATION 0 2 0. 0. 0. 0. 0 0
41.606 1 GPS 0 0 0 0 0 0 0 0 0 0 1
41.654 1 WP_MOVED 6 360165.8125 4813664.5 75. 31
41.658 1 ALIVE 68,230,201,177,229,211,64,56,73,125,45,2,113,245,219,42
41.752 1 CALIBRATION 0. 0
41.754 1 PPRZ_MODE 2 0 0 0 0 6
41.838 1 NAVIGATION 0 2 0. 0. 0. 0. 0 0
41.856 1 GPS 0 0 0 0 0 0 0 0 0 0 1
41.953 1 ATTITUDE -0.069748 -2.998752 -0.024186
41.955 1 STATE_FILTER_STATUS 3 0
42.053 1 ESTIMATOR 0. 0.
42.088 1 NAVIGATION 0 2 0. 0. 0. 0. 0 0
42.106 1 GPS 0 0 0 0 0 0 0 0 0 0 1
42.134 1 DOWNLINK_STATUS 42 20593 912 0 496. 23. -1.35311169937e+12
42.154 1 WP_MOVED 7 360559.40625 4813804.5 75. 31
42.160 1 DESIRED 0. 0.01 0. 0. 0. 50. 0.
42.161 1 DL_VALUE 1 0.
42.338 1 NAVIGATION 0 2 0. 0. 0. 0. 0 0
42.356 1 GPS 0 0 0 0 0 0 0 0 0 0 1
42.360 1 NAVIGATION 0 2 0. 0. 0. 0. 0 0
42.453 1 ATTITUDE -0.068056 -3.004683 -0.028865
42.457 1 BAT 0 0 0 0 1 51 0 0
42.553 1 ESTIMATOR 0. 0.
42.556 1 IMU_GYRO 0. 0.039307 -0.037109
42.588 1 NAVIGATION 0 2 0. 0. 0. 0. 0 0
42.606 1 GPS 0 0 0 0 0 0 0 0 0 0 1
42.654 1 WP_MOVED 8 360462.40625 4813640. 30. 31
42.838 1 NAVIGATION 0 2 0. 0. 0. 0. 0 0
42.840 1 FBW_STATUS 2 0 1 0 0
42.856 1 GPS 0 0 0 0 0 0 0 0 0 0 1
42.953 1 ATTITUDE -0.068753 -3.002494 -0.024235
43.053 1 ESTIMATOR 0. 0.
43.054 1 DOWNLINK 0 476 1133
43.088 1 NAVIGATION 0 2 0. 0. 0. 0. 0 0
43.106 1 GPS 0 0 0 0 0 0 0 0 0 0 1
43.135 1 DOWNLINK_STATUS 43 21067 933 0 474. 21. -1.35311169937e+12
43.154 1 WP_MOVED 9 360313.8125 4813652. 0. 31
43.206 1 DESIRED 0. 0.01 0. 0. 0. 50. 0.
43.253 1 GPS_SOL 0 0 0 0
43.338 1 NAVIGATION 0 2 0. 0. 0. 0. 0 0
43.356 1 GPS 0 0 0 0 0 0 0 0 0 0 1
43.360 1 NAVIGATION 0 2 0. 0. 0. 0. 0 0
43.453 1 ATTITUDE -0.068189 -3.001632 -0.030017
43.553 1 ESTIMATOR 0. 0.
43.556 1 BAT 0 0 0 0 1 52 0 0
43.588 1 NAVIGATION 0 2 0. 0. 0. 0. 0 0
43.606 1 GPS 0 0 0 0 0 0 0 0 0 0 1
43.654 1 WP_MOVED 10 360453.8125 4813581. 75. 31
43.657 1 IMU_GYRO 0.00415 0.006348 -0.056396
43.659 1 DL_VALUE 2 50.
43.838 1 NAVIGATION 0 2 0. 0. 0. 0. 0 0
43.856 1 GPS 0 0 0 0 0 0 0 0 0 0 1
43.858 1 CALIBRATION 0. 0
43.953 1 ATTITUDE -0.06857 -3.00604 -0.03025
44.052 1 ESTIMATOR 0. 0.
44.056 1 ENERGY 0. 0. 0 0.
44.088 1 NAVIGATION 0 2 0. 0. 0. 0. 0 0
44.106 1 GPS 0 0 0 0 0 0 0 0 0 0 1
44.136 1 DOWNLINK_STATUS 44 21564 955 0 497. 22. -1.35311169937e+12
44.154 1 WP_MOVED 11 360170.5 4813757.5 75. 31
44.256 1 DESIRED 0. 0.01 0. 0. 0. 50. 0.
44.338 1 NAVIGATION 0 2 0. 0. 0. 0. 0 0
44.356 1 GPS 0 0 0 0 0 0 0 0 0 0 1
44.360 1 NAVIGATION 0 2 0. 0. 0. 0. 0 0
44.453 1 ATTITUDE -0.069308 -3.00545 -0.02426
44.552 1 ESTIMATOR 0. 0.
44.588 1 NAVIGATION 0 2 0. 0. 0. 0. 0 0
44.606 1 GPS 0 0 0 0 0 0 0 0 0 0 1
44.654 1 WP_MOVED 0 360327. 4813637. 75. 31
44.657 1 BAT 0 0 0 0 1 53 0 0
44.753 1 IMU_GYRO 0.00415 0.007324 -0.043457
44.836 1 FBW_STATUS 2 0 1 0 0
44.840 1 NAVIGATION 0 2 0. 0. 0. 0. 0 0
44.856 1 GPS 0 0 0 0 0 0 0 0 0 0 1
44.953 1 ATTITUDE -0.06955 -3.005242 -0.024414
45.052 1 ESTIMATOR 0. 0.
45.088 1 NAVIGATION 0 2 0. 0. 0. 0. 0 0
45.106 1 GPS 0 0 0 0 0 0 0 0 0 0 1
45.137 1 DOWNLINK_STATUS 45 22016 974 0 452. 19. -1.35311169937e+12
45.153 1 WP_MOVED 1 360285. 4813595. 75. 31
45.155 1 DL_VALUE 3 0.
45.253 1 GPS_SOL 0 0 0 0
45.306 1 DESIRED 0. 0.01 0. 0. 0. 50. 0.
45.338 1 NAVIGATION 0 2 0. 0. 0. 0. 0 0
45.356 1 GPS 0 0 0 0 0 0 0 0 0 0 1
45.360 1 NAVIGATION 0 2 0. 0. 0. 0. 0 0
45.453 1 ATTITUDE -0.070549 -3.006124 -0.020836
45.552 1 ESTIMATOR 0. 0.
45.588 1 NAVIGATION 0 2 0. 0. 0. 0. 0 0
45.606 1 GPS 0 0 0 0 0 0 0 0 0 0 1
45.653 1 WP_MOVED 2 360334.5 4813695. 75. 31
45.753 1 BAT 0 0 0 0 1 54 0 0
45.838 1 NAVIGATION 0 2 0. 0. 0. 0. 0 0
45.856 1 GPS 0 0 0 0 0 0 0 0 0 0 1
45.859 1 IMU_GYRO 0.00415 0.013672 -0.039307
45.936 1 COMMANDS 0,524,572,0
45.953 1 ATTITUDE -0.070848 -3.005569 -0.019822
45.955 1 CALIBRATION 0. 0
46.037 1 ACTUATORS 0,1120,1538,1449,1527,1527
46.052 1 ESTIMATOR 0. 0.
46.088 1 NAVIGATION 0 2 0. 0. 0. 0. 0 0
46.106 1 GPS 0 0 0 0 0 0 0 0 0 0 1
46.138 1 DOWNLINK_STATUS 46 22527 997 0 511. 23. -1.35311170437e+12
46.153 1 WP_MOVED 3 360295.09375 4813785. 75. 31
46.156 1 NAVIGATION_REF 360285 4813595 31
46.338 1 NAVIGATION 0 2 0. 0. 0. 0. 0 0
46.356 1 GPS 0 0 0 0 0 0 0 0 0 0 1
46.360 1 NAVIGATION 0 2 0. 0. 0. 0. 0 0
46.366 1 DESIRED 0. 0.01 0. 0. 0. 50. 0.
46.453 1 ATTITUDE -0.071814 -3.005018 -0.016214
46.552 1 ESTIMATOR 0. 0.
46.556 1 ENERGY 0. 0. 0 0.
46.588 1 NAVIGATION 0 2 0. 0. 0. 0. 0 0
46.606 1 GPS 0 0 0 0 0 0 0 0 0 0 1
46.653 1 WP_MOVED 4 360417.3125 4813734. 75. 31
46.655 1 DL_VALUE 4 0.
46.659 1 ALIVE 68,230,201,177,229,211,64,56,73,125,45,2,113,245,219,42
46.752 1 PPRZ_MODE 2 0 0 0 0 6
46.838 1 NAVIGATION 0 2 0. 0. 0. 0. 0 0
46.840 1 FBW_STATUS 2 0 1 0 0
46.856 1 GPS 0 0 0 0 0 0 0 0 0 0 1
46.859 1 BAT 0 0 0 0 1 56 0 0
46.953 1 ATTITUDE -0.070199 -3.003345 -0.018127
46.956 1 IMU_GYRO 0.012695 0.001953 -0.031738
46.958 1 STATE_FILTER_STATUS 3 0
47.052 1 ESTIMATOR 0. 0.
47.088 1 NAVIGATION 0 2 0. 0. 0. 0. 0 0
47.106 1 GPS 0 0 0 0 0 0 0 0 0 0 1
47.139 1 DOWNLINK_STATUS 47 23069 1022 0 542. 25. -1.35311170437e+12
47.153 1 WP_MOVED 5 360422. 4813583.5 75. 31
47.253 1 GPS_SOL 0 0 0 0
47.338 1 NAVIGATION 0 2 0. 0. 0. 0. 0 0
47.356 1 GPS 0 0 0 0 0 0 0 0 0 0 1
47.360 1 NAVIGATION 0 2 0. 0. 0. 0. 0 0
47.406 1 DESIRED 0. 0.01 0. 0. 0. 50. 0.
47.453 1 ATTITUDE -0.077307 -3.034242 0.004543
47.552 1 ESTIMATOR 0. 0.
47.588 1 NAVIGATION 0 2 0. 0. 0. 0. 0 0
47.606 1 GPS 0 0 0 0 0 0 0 0 0 0 1
47.653 1 WP_MOVED 6 360165.8125 4813664.5 75. 31
47.838 1 NAVIGATION 0 2 0. 0. 0. 0. 0 0
47.856 1 GPS 0 0 0 0 0 0 0 0 0 0 1
47.953 1 ATTITUDE -0.068973 -3.028124 -0.019436
47.956 1 BAT 0 0 0 0 1 57 0 0
48.140 1 DOWNLINK_STATUS 48 23433 1037 0 364. 15. -1.35311170437e+12
49.141 1 DOWNLINK_STATUS 49 23433 1037 0 0. 0. -1.35311170437e+12
50.142 1 DOWNLINK_STATUS 50 23433 1037 0 0. 0. -1.35311170437e+12
51.143 1 DOWNLINK_STATUS 51 23433 1037 0 0. 0. -1.35311170937e+12
52.143 1 DOWNLINK_STATUS 52 23433 1037 0 0. 0. -1.35311170937e+12
53.144 1 DOWNLINK_STATUS 53 23433 1037 0 0. 0. -1.35311170937e+12
54.145 1 DOWNLINK_STATUS 54 23433 1037 0 0. 0. -1.35311170937e+12
55.145 1 DOWNLINK_STATUS 55 23433 1037 0 0. 0. -1.35311170937e+12
56.147 1 DOWNLINK_STATUS 56 23433 1037 0 0. 0. -1.35311171437e+12
57.148 1 DOWNLINK_STATUS 57 23433 1037 0 0. 0. -1.35311171437e+12
58.149 1 DOWNLINK_STATUS 58 23433 1037 0 0. 0. -1.35311171437e+12
59.150 1 DOWNLINK_STATUS 59 23433 1037 0 0. 0. -1.35311171437e+12
60.151 1 DOWNLINK_STATUS 60 23433 1037 0 0. 0. -1.35311171437e+12
61.152 1 DOWNLINK_STATUS 61 23433 1037 0 0. 0. -1.35311171937e+12
62.153 1 DOWNLINK_STATUS 62 23433 1037 0 0. 0. -1.35311171937e+12
63.154 1 DOWNLINK_STATUS 63 23433 1037 0 0. 0. -1.35311171937e+12
64.155 1 DOWNLINK_STATUS 64 23433 1037 0 0. 0. -1.35311171937e+12
65.156 1 DOWNLINK_STATUS 65 23433 1037 0 0. 0. -1.35311171937e+12
66.157 1 DOWNLINK_STATUS 66 23433 1037 0 0. 0. -1.35311172437e+12
67.158 1 DOWNLINK_STATUS 67 23433 1037 0 0. 0. -1.35311172437e+12
68.160 1 DOWNLINK_STATUS 68 23433 1037 0 0. 0. -1.35311172437e+12
69.161 1 DOWNLINK_STATUS 69 23433 1037 0 0. 0. -1.35311172437e+12
70.162 1 DOWNLINK_STATUS 70 23433 1037 0 0. 0. -1.35311172437e+12
71.163 1 DOWNLINK_STATUS 71 23433 1037 0 0. 0. -1.35311172938e+12
72.164 1 DOWNLINK_STATUS 72 23433 1037 0 0. 0. -1.35311172938e+12
73.165 1 DOWNLINK_STATUS 73 23433 1037 0 0. 0. -1.35311172938e+12
