30.972 1 ATTITUDE 0. 0. 0.
31.072 1 ESTIMATOR 0. 0.
31.072 1 DOWNLINK 0 99 33
31.109 1 NAVIGATION 1 1 -0.25 0.5 0. 0.3125 0 0
31.122 1 GPS 3 36028476 481359552 899 0 0 -12 0 515742240 31 4
31.122 1 SVINFO 4 11 0 4 44 17 200
31.172 1 WP_MOVED 3 360295.09375 4813785. 75. 31
31.172 1 NAVIGATION_REF 360285 4813595 31
31.357 1 NAVIGATION 1 1 -0.25 0.5 0. 0.3125 0 0
31.373 1 GPS 3 36028476 481359552 899 0 0 -22 0 515742480 31 5
31.373 1 SVINFO 5 12 0 5 45 60 250
31.373 1 NAVIGATION 1 1 -0.25 0.5 0. 0.3125 0 0
31.473 1 ATTITUDE 0. 0. 0.
31.572 1 ESTIMATOR 0. 0.
31.606 1 NAVIGATION 1 1 -0.25 0.5 0. 0.3125 0 0
31.623 1 GPS 3 36028476 481359552 899 0 0 -2 0 515742720 31 6
31.623 1 SVINFO 6 13 0 6 46 88 301
31.672 1 WP_MOVED 4 360417.3125 4813734. 75. 31
31.672 1 DL_VALUE 1 0.
31.823 1 DESIRED 0. 0. 0. 0. 0. 50. 0.
31.857 1 NAVIGATION 1 1 -0.25 0.5 0. 0.3125 0 0
31.857 1 FBW_STATUS 2 0 1 125 0
31.873 1 GPS 3 36028476 481359552 899 0 0 4 0 515743000 31 7
31.972 1 ATTITUDE 0. 0. 0.
31.972 1 BAT 0 125 0 0 1 2 0 0
32.072 1 ESTIMATOR 0. 0.
32.106 1 NAVIGATION 1 1 -0.25 0.5 0. 0.3125 0 0
32.123 1 GPS 3 36028476 481359552 899 0 0 14 0 515743240 31 8
32.172 1 WP_MOVED 5 360422. 4813583.5 75. 31
32.272 1 GPS_SOL 517 517 517 7
32.356 1 NAVIGATION 1 1 -0.25 0.5 0. 0.3125 0 0
32.373 1 GPS 3 36028476 481359552 899 0 0 11 0 515743480 31 9
32.373 1 NAVIGATION 1 1 -0.25 0.5 0. 0.3125 0 0
32.472 1 ATTITUDE 0. 0. 0.
32.472 1 CALIBRATION 0. 0
32.572 1 ESTIMATOR 0. 0.
32.606 1 NAVIGATION 1 1 -0.25 0.5 0. 0.3125 0 0
32.623 1 GPS 3 36028476 481359552 899 0 0 6 0 515743720 31 10
32.673 1 WP_MOVED 6 360165.8125 4813664.5 75. 31
32.856 1 NAVIGATION 1 1 -0.25 0.5 0. 0.3125 0 0
32.873 1 GPS 3 36028476 481359552 899 0 0 10 0 515744000 31 11
32.873 1 DESIRED 0. 0. 0. 0. 0. 50. 0.
32.972 1 ATTITUDE 0. 0. 0.
33.072 1 ESTIMATOR 0. 0.
33.072 1 BAT 0 125 0 0 1 3 0 0
33.072 1 ENERGY 12.5 0. 0 0.
33.106 1 NAVIGATION 1 1 -0.25 0.5 0. 0.3125 0 0
33.123 1 GPS 3 36028476 481359552 899 0 0 0 0 515744240 31 12
33.172 1 WP_MOVED 7 360559.40625 4813804.5 75. 31
33.172 1 DL_VALUE 2 50.
33.357 1 NAVIGATION 1 1 -0.25 0.5 0. 0.3125 0 0
33.372 1 GPS 3 36028476 481359552 899 0 0 0 0 515744480 31 13
33.373 1 NAVIGATION 1 1 -0.25 0.5 0. 0.3125 0 0
33.472 1 ATTITUDE 0. 0. 0.
33.572 1 ESTIMATOR 0. 0.
33.606 1 NAVIGATION 1 1 -0.25 0.5 0. 0.3125 0 0
33.623 1 GPS 3 36028476 481359552 899 0 0 15 0 515744720 31 14
33.623 1 SVINFO 0 7 0 0 41 89 2
33.672 1 WP_MOVED 8 360462.40625 4813640. 30. 31
33.855 1 NAVIGATION 1 1 -0.25 0.5 0. 0.3125 0 0
33.855 1 FBW_STATUS 2 0 1 125 0
33.873 1 GPS 3 36028476 481359552 899 0 0 18 0 515744960 31 1
33.873 1 SVINFO 1 8 1 1 42 62 52
33.922 1 DESIRED 0. 0. 0. 0. 0. 50. 0.
33.972 1 ATTITUDE 0. 0. 0.
34.072 1 ESTIMATOR 0. 0.
34.106 1 NAVIGATION 1 1 -0.25 0.5 0. 0.3125 0 0
34.122 1 GPS 3 36028476 481359552 899 0 0 -1 0 515745240 31 2
34.122 1 SVINFO 2 9 1 2 43 19 102
34.172 1 WP_MOVED 9 360313.8125 4813652. 0. 31
34.172 1 BAT 0 125 0 0 1 4 0 0
34.272 1 GPS_SOL 533 533 533 7
34.357 1 NAVIGATION 1 1 -0.25 0.5 0. 0.3125 0 0
34.373 1 GPS 3 36028476 481359552 899 0 0 2 0 515745480 31 3
34.373 1 SVINFO 3 10 1 3 44 0 152
34.373 1 NAVIGATION 1 1 -0.25 0.5 0. 0.3125 0 0
34.472 1 ATTITUDE 0. 0. 0.
34.572 1 ESTIMATOR 0. 0.
34.573 1 CALIBRATION 0. 0
34.606 1 NAVIGATION 1 1 -0.25 0.5 0. 0.3125 0 0
34.623 1 GPS 3 36028476 481359552 899 0 0 12 0 515745720 31 4
34.623 1 SVINFO 4 11 1 4 45 22 202
34.672 1 WP_MOVED 10 360453.8125 4813581. 75. 31
34.672 1 DL_VALUE 3 0.
34.857 1 NAVIGATION 1 1 -0.25 0.5 0. 0.3125 0 0
34.873 1 GPS 3 36028476 481359552 899 0 0 15 0 515746000 31 5
34.873 1 SVINFO 5 12 1 5 46 66 252
34.956 1 COMMANDS 0,0,0,0
34.972 1 ATTITUDE 0. 0. 0.
34.972 1 DESIRED 0. 0. 0. 0. 0. 50. 0.
35.073 1 ESTIMATOR 0. 0.
35.106 1 NAVIGATION 1 1 -0.25 0.5 0. 0.3125 0 0
35.122 1 GPS 3 36028476 481359552 899 0 0 1 0 515746240 31 6
35.123 1 SVINFO 6 13 1 6 47 89 303
35.173 1 WP_MOVED 11 360170.5 4813757.5 75. 31
35.272 1 BAT 0 125 0 0 1 5 0 0
35.357 1 NAVIGATION 1 1 -0.25 0.5 0. 0.3125 0 0
35.372 1 GPS 3 36028476 481359552 899 0 0 0 0 515746480 31 7
35.372 1 NAVIGATION 1 1 -0.25 0.5 0. 0.3125 0 0
35.472 1 ATTITUDE 0. 0. 0.
35.572 1 ESTIMATOR 0. 0.
35.572 1 ENERGY 12.5 0. 0 0.
35.606 1 NAVIGATION 1 1 -0.25 0.5 0. 0.3125 0 0
35.623 1 GPS 3 36028476 481359552 899 0 0 10 0 515746720 31 8
35.673 1 WP_MOVED 0 360327. 4813637. 75. 31
35.673 1 ALIVE 221,144,25,55,241,177,232,147,147,98,248,129,57,109,49,103
35.772 1 PPRZ_MODE 2 0 0 0 0 6
35.856 1 NAVIGATION 1 1 -0.25 0.5 0. 0.3125 0 0
35.857 1 FBW_STATUS 2 0 1 125 0
35.873 1 GPS 3 36028476 481359552 899 0 0 16 0 515747000 31 9
35.972 1 ATTITUDE 0. 0. 0.
36.022 1 DESIRED 0. 0. 0. 0. 0. 50. 0.
36.072 1 ESTIMATOR 0. 0.
36.107 1 NAVIGATION 1 1 -0.25 0.5 0. 0.3125 0 0
36.122 1 GPS 3 36028476 481359552 899 0 0 10 0 515747240 31 10
36.173 1 WP_MOVED 1 360285. 4813595. 75. 31
36.173 1 DL_VALUE 4 0.
36.173 1 DOWNLINK 0 411 148
36.272 1 GPS_SOL 549 549 549 7
36.356 1 NAVIGATION 1 1 -0.25 0.5 0. 0.3125 0 0
36.372 1 GPS 3 36028476 481359552 899 0 0 -9 0 515747480 31 11
36.373 1 NAVIGATION 1 1 -0.25 0.5 0. 0.3125 0 0
36.373 1 BAT 0 125 0 0 1 6 0 0
36.472 1 ATTITUDE 0. 0. 0.
36.572 1 ESTIMATOR 0. 0.
36.607 1 NAVIGATION 1 1 -0.25 0.5 0. 0.3125 0 0
36.622 1 GPS 3 36028476 481359552 899 0 0 -4 0 515747720 31 12
36.672 1 WP_MOVED 2 360334.5 4813695. 75. 31
36.672 1 CALIBRATION 0. 0
36.857 1 NAVIGATION 1 1 -0.25 0.5 0. 0.3125 0 0
36.873 1 GPS 3 36028476 481359552 899 0 0 -6 0 515747960 31 13
36.972 1 ATTITUDE 0. 0. 0.
37.072 1 ESTIMATOR 0. 0.
37.073 1 DESIRED 0. 0. 0. 0. 0. 50. 0.
37.106 1 NAVIGATION 1 1 -0.25 0.5 0. 0.3125 0 0
37.123 1 GPS 3 36028476 481359552 899 0 0 25 0 515748240 31 14
37.123 1 SVINFO 0 7 0 0 42 88 4
37.173 1 WP_MOVED 3 360295.09375 4813785. 75. 31
37.356 1 NAVIGATION 1 1 -0.25 0.5 0. 0.3125 0 0
37.373 1 GPS 3 36028476 481359552 899 0 0 40 0 515748480 31 1
37.373 1 SVINFO 1 8 1 1 43 57 54
37.373 1 NAVIGATION 1 1 -0.25 0.5 0. 0.3125 0 0
37.472 1 ATTITUDE 0. 0. 0.
37.472 1 BAT 0 125 0 0 1 7 0 0
37.572 1 ESTIMATOR 0. 0.
37.607 1 NAVIGATION 1 1 -0.25 0.5 0. 0.3125 0 0
37.623 1 GPS 3 36028476 481359552 899 0 0 31 0 515748720 31 2
37.623 1 SVINFO 2 9 0 2 44 14 104
37.672 1 WP_MOVED 4 360417.3125 4813734. 75. 31
37.672 1 DL_VALUE 5 0.
37.857 1 NAVIGATION 1 1 -0.25 0.5 0. 0.3125 0 0
37.857 1 FBW_STATUS 2 0 1 125 0
37.873 1 GPS 3 36028476 481359552 899 0 0 28 0 515748960 31 3
37.873 1 SVINFO 3 10 1 3 45 0 154
37.973 1 ATTITUDE 0. 0. 0.
38.072 1 ESTIMATOR 0. 0.
38.072 1 ENERGY 12.5 0. 0 0.
38.106 1 NAVIGATION 1 1 -0.25 0.5 0. 0.3125 0 0
38.123 1 GPS 3 36028476 481359552 899 0 0 27 0 515749240 31 4
38.123 1 SVINFO 4 11 1 4 46 28 204
38.123 1 DESIRED 0. 0. 0. 0. 0. 50. 0.
38.173 1 WP_MOVED 5 360422. 4813583.5 75. 31
38.272 1 GPS_SOL 564 564 564 7
38.359 1 NAVIGATION 1 1 -0.25 0.5 0. 0.3125 0 0
38.372 1 GPS 3 36028476 481359552 899 0 0 30 0 515749480 31 5
38.372 1 SVINFO 5 12 1 5 47 71 254
38.372 1 NAVIGATION 1 1 -0.25 0.5 0. 0.3125 0 0
38.472 1 ATTITUDE 0. 0. 0.
38.572 1 ESTIMATOR 0. 0.
38.572 1 BAT 0 125 0 0 1 8 0 0
38.606 1 NAVIGATION 1 1 -0.25 0.5 0. 0.3125 0 0
38.623 1 GPS 3 36028476 481359552 899 0 0 41 0 515749720 31 6
38.623 1 SVINFO 6 13 1 6 48 89 305
38.673 1 WP_MOVED 6 360165.8125 4813664.5 75. 31
38.772 1 CALIBRATION 0. 0
38.860 1 NAVIGATION 1 1 -0.25 0.5 0. 0.3125 0 0
38.873 1 GPS 3 36028476 481359552 899 0 0 35 0 515749960 31 7
38.973 1 ATTITUDE 0. 0. 0.
39.072 1 ESTIMATOR 0. 0.
39.107 1 NAVIGATION 1 1 -0.25 0.5 0. 0.3125 0 0
39.122 1 GPS 3 36028476 481359552 899 0 0 37 0 515750240 31 8
39.172 1 WP_MOVED 7 360559.40625 4813804.5 75. 31
39.173 1 DESIRED 0. 0. 0. 0. 0. 50. 0.
39.173 1 DL_VALUE 6 100.
39.357 1 NAVIGATION 1 1 -0.25 0.5 0. 0.3125 0 0
39.373 1 GPS 3 36028476 481359552 899 0 0 23 0 515750480 31 9
39.373 1 NAVIGATION 1 1 -0.25 0.5 0. 0.3125 0 0
39.472 1 ATTITUDE 0. 0. 0.
39.572 1 ESTIMATOR 0. 0.
39.609 1 NAVIGATION 1 1 -0.25 0.5 0. 0.3125 0 0
39.622 1 GPS 3 36028476 481359552 899 0 0 25 0 515750720 31 10
39.672 1 WP_MOVED 8 360462.40625 4813640. 30. 31
39.672 1 BAT 0 125 0 0 1 9 0 0
39.855 1 NAVIGATION 1 3 -0.25 0.5 0. 0.3125 0 0
39.855 1 FBW_STATUS 2 0 1 125 0
39.873 1 GPS 3 36028476 481359552 899 0 0 13 0 515750960 31 11
39.957 1 COMMANDS 0,0,0,0
39.972 1 ATTITUDE 0. 0. 0.
40.072 1 ESTIMATOR 0. 0.
40.106 1 NAVIGATION 2 0 0.75 0.5 0. 0.8125 0 0
40.123 1 GPS 3 36028476 481359552 899 0 0 11 0 515751240 31 12
40.172 1 WP_MOVED 9 360312.8125 4813652. 0. 31
40.172 1 NAVIGATION_REF 360284 4813595 31
40.222 1 DESIRED 0. 0. 0. 0. 0. 50. 0.
40.272 1 GPS_SOL 579 579 579 7
40.356 1 NAVIGATION 2 1 0.75 0.5 0. 0.8125 0 0
40.373 1 GPS 3 36028476 481359552 899 0 0 17 0 515751480 31 13
40.373 1 NAVIGATION 2 1 0.75 0.5 0. 0.8125 0 0
40.473 1 ATTITUDE 0. 0. 0.
40.572 1 ESTIMATOR 0. 0.
40.572 1 ENERGY 12.5 0. 0 0.
40.606 1 NAVIGATION 2 1 0.75 0.5 0. 0.8125 0 0
40.623 1 GPS 3 36028476 481359552 899 0 0 26 0 515751720 31 14
40.623 1 SVINFO 0 7 0 0 44 85 6
40.673 1 WP_MOVED 10 360452.8125 4813581. 75. 31
40.673 1 DL_VALUE 7 2.
40.673 1 ALIVE 221,144,25,55,241,177,232,147,147,98,248,129,57,109,49,103
40.772 1 BAT 0 125 0 0 1 0 0 0
40.772 1 PPRZ_MODE 2 1 2 0 0 6
40.856 1 NAVIGATION 2 1 0.75 0.5 0. 0.8125 0 0
40.872 1 GPS 3 36028476 481359552 899 0 0 29 0 515752000 31 1
40.872 1 SVINFO 1 8 0 1 45 50 56
40.872 1 CALIBRATION 0. 0
40.972 1 ATTITUDE 0. 0. 0.
41.072 1 ESTIMATOR 0. 0.
41.106 1 NAVIGATION 2 1 0.75 0.5 0. 0.8125 0 0
41.122 1 GPS 3 36028476 481359552 899 0 0 31 0 515752240 31 2
41.123 1 SVINFO 2 9 1 2 46 10 106
41.165 1 WIND_INFO 1 42 0. 0. 0.
41.174 1 WP_MOVED 11 360169.5 4813757.5 75. 31
41.273 1 DESIRED 0. 0. 0. 0. 0. 50. 0.
41.274 1 DOWNLINK 0 401 261
41.356 1 NAVIGATION 2 1 0.75 0.5 0. 0.8125 0 0
41.373 1 GPS 3 36028476 481359552 899 0 0 22 0 515752480 31 3
41.373 1 SVINFO 3 10 0 3 46 2 156
41.373 1 NAVIGATION 2 1 0.75 0.5 0. 0.8125 0 0
41.472 1 ATTITUDE 0. 0. 0.
41.573 1 ESTIMATOR 0. 0.
41.607 1 NAVIGATION 2 1 0.75 0.5 0. 0.8125 0 0
41.623 1 GPS 3 36028476 481359552 899 0 0 7 0 515752720 31 4
41.623 1 SVINFO 4 11 1 4 47 34 206
41.672 1 WP_MOVED 0 360326. 4813637. 75. 31
41.857 1 NAVIGATION 2 1 0.75 0.5 0. 0.8125 0 0
41.857 1 FBW_STATUS 2 0 1 125 0
41.873 1 GPS 3 36028476 481359552 899 0 0 6 0 515752960 31 5
41.873 1 SVINFO 5 12 1 5 48 76 256
41.873 1 BAT 0 125 0 0 1 2 2 0
41.973 1 ATTITUDE 0. 0. 0.
42.072 1 ESTIMATOR 0. 0.
42.106 1 NAVIGATION 2 1 0.75 0.5 0. 0.8125 0 0
42.123 1 GPS 3 36028476 481359552 899 0 0 5 0 515753240 31 6
42.123 1 SVINFO 6 13 1 6 48 89 307
42.172 1 WP_MOVED 1 360284. 4813595. 75. 31
42.173 1 DL_VALUE 8 0.
42.272 1 GPS_SOL 594 594 594 7
42.322 1 DESIRED 0. 0. 0. 0. 0. 50. 0.
42.355 1 NAVIGATION 2 1 0.75 0.5 0. 0.8125 0 0
42.372 1 GPS 3 36028476 481359552 899 0 0 0 0 515753480 31 7
42.373 1 NAVIGATION 2 1 0.75 0.5 0. 0.8125 0 0
42.472 1 ATTITUDE 0. 0. 0.
42.572 1 ESTIMATOR 0. 0.
42.606 1 NAVIGATION 2 1 0.75 0.5 0. 0.8125 0 0
42.623 1 GPS 3 36028476 481359552 899 0 0 1 0 515753720 31 8
42.672 1 WP_MOVED 2 360333.5 4813695. 75. 31
42.856 1 NAVIGATION 2 1 0.75 0.5 0. 0.8125 0 0
42.872 1 GPS 3 36028476 481359552 899 0 0 15 0 515753960 31 9
42.972 1 ATTITUDE 0. 0. 0.
42.972 1 BAT 0 125 0 0 1 3 3 0
42.972 1 CALIBRATION 0. 0
43.072 1 ESTIMATOR 0. 0.
43.072 1 ENERGY 12.5 0. 0 0.
43.106 1 NAVIGATION 2 1 0.75 0.5 0. 0.8125 0 0
43.122 1 GPS 3 36028476 481359552 899 0 0 15 0 515754240 31 10
43.172 1 WP_MOVED 3 360294.09375 4813785. 75. 31
43.357 1 NAVIGATION 2 1 0.75 0.5 0. 0.8125 0 0
43.372 1 GPS 3 36028476 481359552 899 0 0 4 0 515754480 31 11
43.372 1 NAVIGATION 2 1 0.75 0.5 0. 0.8125 0 0
43.372 1 DESIRED 0. 0. 0. 0. 0. 50. 0.
43.473 1 ATTITUDE 0. 0. 0.
43.572 1 ESTIMATOR 0. 0.
43.606 1 NAVIGATION 2 1 0.75 0.5 0. 0.8125 0 0
43.623 1 GPS 3 36028476 481359552 899 0 0 35 0 515754720 31 12
43.672 1 WP_MOVED 4 360416.3125 4813734. 75. 31
43.672 1 DL_VALUE 9 1.
43.856 1 FBW_STATUS 2 0 1 125 0
43.856 1 NAVIGATION 2 1 0.75 0.5 0. 0.8125 0 0
43.873 1 GPS 3 36028476 481359552 899 0 0 37 0 515755000 31 13
43.973 1 ATTITUDE 0. 0. 0.
44.073 1 ESTIMATOR 0. 0.
44.073 1 BAT 0 125 0 0 1 4 4 0
44.107 1 NAVIGATION 2 1 0.75 0.5 0. 0.8125 0 0
44.124 1 GPS 3 36028476 481359552 899 0 0 39 0 515755240 31 14
44.124 1 SVINFO 0 7 0 0 45 82 8
44.175 1 WP_MOVED 5 360421. 4813583.5 75. 31
44.273 1 GPS_SOL 607 607 607 7
44.356 1 NAVIGATION 2 1 0.75 0.5 0. 0.8125 0 0
44.372 1 GPS 3 36028480 481359712 0 0 492 38 0 515755480 31 1
44.372 1 SVINFO 1 8 1 1 46 44 58
44.373 1 NAVIGATION 2 1 0.75 0.5 0. 0.8125 0 0
44.422 1 DESIRED 0. 0. 0. 0. 0. 50. 0.
44.472 1 ATTITUDE 0. 0. 0.
44.572 1 ESTIMATOR 0. 0.
44.606 1 NAVIGATION 2 1 0.8125 2. 0. 4.660156 0 0
44.623 1 GPS 3 36028480 481360064 0 -21 1419 15 0 515755720 31 2
44.623 1 SVINFO 2 9 1 2 47 6 108
44.672 1 WP_MOVED 6 360164.8125 4813664.5 75. 31
44.857 1 TAKEOFF 0
44.857 1 NAVIGATION 2 1 0.8125 5.5 0. 30.910156 0 0
44.873 1 GPS 3 36028480 481360352 0 -98 1336 -6 0 515755960 31 3
44.873 1 SVINFO 3 10 1 3 47 4 158
44.957 1 COMMANDS 0,0,0,0
44.972 1 ATTITUDE 0. 0. 0.
45.073 1 ESTIMATOR -0.029788 -0.017189
45.073 1 CALIBRATION 0. 0
45.106 1 NAVIGATION 2 1 0.8125 8.5 0. 72.910156 0 0
45.122 1 GPS 3 36028476 481360704 0 -279 1249 -41 0 515756240 31 4
45.123 1 SVINFO 4 11 1 4 48 40 208
45.173 1 WP_MOVED 7 360558.40625 4813804.5 75. 31
45.173 1 BAT 0 125 0 1 1 5 5 0
45.173 1 DL_VALUE 10 0.
45.356 1 NAVIGATION 2 1 0.75 12. 0. 144.5625 0 0
45.373 1 GPS 3 36028476 481360992 0 -518 1184 -73 0 515756480 31 5
45.373 1 SVINFO 5 12 0 5 49 80 258
45.373 1 NAVIGATION 2 1 0.75 15. 0. 144.5625 0 0
45.472 1 ATTITUDE 0. 0. 0.
45.472 1 DESIRED 0. 0. 0. 0. 0. 50. 0.
45.573 1 ESTIMATOR -0.21533 -0.116581
45.573 1 ENERGY 12.5 0. 0 0.
45.606 1 NAVIGATION 2 1 0.75 15. 0. 225.5625 0 0
45.623 1 GPS 3 36028480 481361312 0 -834 1127 -105 0 515756720 31 6
45.623 1 SVINFO 6 13 1 6 49 87 309
45.673 1 WP_MOVED 8 360461.40625 4813640. 30. 31
45.673 1 ALIVE 221,144,25,55,241,177,232,147,147,98,248,129,57,109,49,103
45.772 1 PPRZ_MODE 2 1 2 0 0 6
45.857 1 NAVIGATION 2 1 0.8125 18. 0. 324.660156 0 0
45.857 1 FBW_STATUS 2 0 1 125 0
45.873 1 GPS 3 36028480 481361536 0 -1223 1080 -152 0 515756960 31 7
45.972 1 ATTITUDE 0. 0. 0.
46.072 1 ESTIMATOR -0.64684 -0.324571
46.107 1 NAVIGATION 2 1 0.8125 20.5 0. 420.910156 0 0
46.123 1 GPS 3 36028480 481361792 0 -1764 1036 -183 0 515757240 31 8
46.172 1 WP_MOVED 9 360312.8125 4813652. 0. 31
46.272 1 BAT 0 125 0 2 1 6 6 0
46.272 1 GPS_SOL 621 621 621 7
46.356 1 NAVIGATION 2 1 0.8125 23. 0. 529.660156 0 0
46.373 1 GPS 3 36028480 481362112 0 -2295 1008 -202 0 515757480 31 9
46.373 1 NAVIGATION 2 1 0.8125 26. 0. 529.660156 0 0
46.373 1 DOWNLINK 0 411 377
46.472 1 ATTITUDE 0. 0. 0.
46.522 1 DESIRED 0. 0. 0. 0. 0. 50. 0.
46.572 1 ESTIMATOR -1.418103 -0.662273
46.606 1 NAVIGATION 2 1 0.8125 26. 0. 676.660156 0 0
46.623 1 GPS 3 36028476 481362304 0 -2876 1000 -208 0 515757720 31 10
46.672 1 WP_MOVED 10 360452.8125 4813581. 75. 31
46.672 1 DL_VALUE 0 0.
46.855 1 NAVIGATION 2 1 0.75 28. 0. 784.5625 0 0
46.872 1 GPS 3 36028476 481362560 0 -3491 1000 -229 0 515757960 31 11
46.972 1 ATTITUDE 0. 0. 0.
47.072 1 ESTIMATOR -2.48017 -1.066499
47.105 1 NAVIGATION 2 1 0.75 30.5 0. 930.8125 0 0
47.123 1 GPS 3 36028476 481362560 899 -3491 0 32 0 515758240 31 12
47.172 1 WP_MOVED 11 360169.5 4813757.5 75. 31
47.172 1 CALIBRATION 0. 0
47.356 1 NAVIGATION 2 1 0.75 30.5 0. 930.8125 0 0
47.372 1 GPS 3 36028476 481362560 899 -3491 0 14 0 515758480 31 13
47.372 1 NAVIGATION 2 1 0.75 30.5 0. 930.8125 0 0
47.372 1 BAT 0 125 0 3 1 7 7 0
47.472 1 ATTITUDE 0. 0. 0.
47.572 1 ESTIMATOR -3.29931 -1.219212
47.572 1 DESIRED 0. 0. 0. 0. 0. 50. 0.
47.606 1 NAVIGATION 2 1 0.75 30.5 0. 930.8125 0 0
47.623 1 GPS 3 36028476 481362560 899 -3491 0 6 0 515758720 31 14
47.623 1 SVINFO 0 7 0 0 46 79 10
51.164 1 WIND_INFO 1 42 0. 0. 0.
