1.509 1 NAVIGATION 0 2 0. 0. 0. 0. 0 0
1.525 1 GPS 0 0 0 0 0 0 0 0 0 0 1
1.622 1 ATTITUDE -0.002406 -1.895285 0.065293
1.624 1 STATE_FILTER_STATUS 3 0
1.721 1 ESTIMATOR 0. 0.
1.757 1 NAVIGATION 0 2 0. 0. 0. 0. 0 0
1.775 1 GPS 0 0 0 0 0 0 0 0 0 0 1
1.822 1 WP_MOVED 9 360313.8125 4813652. 0. 31
1.922 1 GPS_SOL 0 0 0 0
1.965 1 DOWNLINK_STATUS 2 1007 45 0 544. 25. 0.
2.007 1 NAVIGATION 0 2 0. 0. 0. 0. 0 0
2.025 1 GPS 0 0 0 0 0 0 0 0 0 0 1
2.029 1 NAVIGATION 0 2 0. 0. 0. 0. 0 0
2.122 1 ATTITUDE -0.00217 -1.892421 0.06506
2.126 1 BAT 0 0 0 0 1 106 0 0
2.221 1 ESTIMATOR 0. 0.
2.224 1 IMU_GYRO 0.012695 0.030762 -0.038086
2.257 1 NAVIGATION 0 2 0. 0. 0. 0. 0 0
2.275 1 GPS 0 0 0 0 0 0 0 0 0 0 1
2.322 1 WP_MOVED 10 360453.8125 4813581. 75. 31
2.324 1 DL_VALUE 5 0.
2.475 1 DESIRED 0. 0. 0. 0. 0. 50. 0.
2.507 1 NAVIGATION 0 2 0. 0. 0. 0. 0 0
2.525 1 GPS 0 0 0 0 0 0 0 0 0 0 1
2.622 1 ATTITUDE -0.004058 -1.887121 0.060676
2.721 1 ESTIMATOR 0. 0.
2.757 1 NAVIGATION 0 2 0. 0. 0. 0. 0 0
2.775 1 GPS 0 0 0 0 0 0 0 0 0 0 1
2.822 1 WP_MOVED 11 360170.5 4813757.5 75. 31
2.966 1 DOWNLINK_STATUS 3 1456 64 0 449. 19. 0.
3.007 1 NAVIGATION 0 2 0. 0. 0. 0. 0 0
3.025 1 GPS 0 0 0 0 0 0 0 0 0 0 1
3.029 1 NAVIGATION 0 2 0. 0. 0. 0. 0 0
3.122 1 ATTITUDE -0.001644 -1.920144 0.072399
3.124 1 CALIBRATION 0. 0
3.221 1 ESTIMATOR 0. 0.
3.225 1 BAT 0 0 0 0 1 107 0 0
3.257 1 NAVIGATION 0 2 0. 0. 0. 0. 0 0
3.275 1 GPS 0 0 0 0 0 0 0 0 0 0 1
3.322 1 WP_MOVED 0 360327. 4813637. 75. 31
3.325 1 IMU_GYRO 0.012695 0.009521 -0.008301
3.505 1 FBW_STATUS 2 0 1 0 0
3.509 1 NAVIGATION 0 2 0. 0. 0. 0. 0 0
3.525 1 GPS 0 0 0 0 0 0 0 0 0 0 1
3.530 1 DESIRED 0. 0. 0. 0. 0. 50. 0.
3.622 1 ATTITUDE -0.004949 -1.89413 0.062872
3.721 1 ESTIMATOR 0. 0.
3.725 1 ENERGY 0. 0. 0 0.
3.757 1 NAVIGATION 0 2 0. 0. 0. 0. 0 0
3.775 1 GPS 0 0 0 0 0 0 0 0 0 0 1
3.822 1 WP_MOVED 1 360285. 4813595. 75. 31
3.824 1 DL_VALUE 6 100.
3.826 1 DOWNLINK 0 500 2348
3.922 1 GPS_SOL 0 0 0 0
3.967 1 DOWNLINK_STATUS 4 1978 88 0 522. 24. 0.
4.007 1 NAVIGATION 0 2 0. 0. 0. 0. 0 0
4.025 1 GPS 0 0 0 0 0 0 0 0 0 0 1
4.029 1 NAVIGATION 0 2 0. 0. 0. 0. 0 0
4.122 1 ATTITUDE -0.005655 -1.886536 0.061207
4.221 1 ESTIMATOR 0. 0.
4.257 1 NAVIGATION 0 2 0. 0. 0. 0. 0 0
4.275 1 GPS 0 0 0 0 0 0 0 0 0 0 1
4.322 1 WP_MOVED 2 360334.5 4813695. 75. 31
4.326 1 BAT 0 0 0 0 1 108 0 0
4.422 1 IMU_GYRO -0.00415 0.028564 -0.010498
4.507 1 NAVIGATION 0 2 0. 0. 0. 0. 0 0
4.524 1 GPS 0 0 0 0 0 0 0 0 0 0 1
4.575 1 DESIRED 0. 0. 0. 0. 0. 50. 0.
4.622 1 ATTITUDE -0.005139 -1.875436 0.059006
4.721 1 ESTIMATOR 0. 0.
4.757 1 NAVIGATION 0 2 0. 0. 0. 0. 0 0
4.774 1 GPS 0 0 0 0 0 0 0 0 0 0 1
4.822 1 WP_MOVED 3 360295.09375 4813785. 75. 31
4.825 1 NAVIGATION_REF 360285 4813595 31
4.968 1 DOWNLINK_STATUS 5 2431 107 0 453. 19. 0.
5.007 1 NAVIGATION 0 2 0. 0. 0. 0. 0 0
5.024 1 GPS 0 0 0 0 0 0 0 0 0 0 1
5.029 1 NAVIGATION 0 2 0. 0. 0. 0. 0 0
5.122 1 ATTITUDE -0.005001 -1.870872 0.05882
5.221 1 ESTIMATOR 0. 0.
5.223 1 CALIBRATION 0. 0
5.257 1 NAVIGATION 0 2 0. 0. 0. 0. 0 0
5.274 1 GPS 0 0 0 0 0 0 0 0 0 0 1
5.322 1 WP_MOVED 4 360417.3125 4813734. 75. 31
5.324 1 DL_VALUE 7 2.
5.422 1 BAT 0 0 0 0 1 109 0 0
5.504 1 FBW_STATUS 2 0 1 0 0
5.509 1 NAVIGATION 0 2 0. 0. 0. 0. 0 0
5.524 1 GPS 0 0 0 0 0 0 0 0 0 0 1
5.528 1 IMU_GYRO -0.808594 -0.697998 -0.239258
5.605 1 COMMANDS 0,201,160,0
5.622 1 ATTITUDE -0.017681 -1.795837 0.004919
5.628 1 DESIRED 0. 0. 0. 0. 0. 50. 0.
5.705 1 ACTUATORS 0,1120,1519,1440,1501,1501
5.721 1 ESTIMATOR 0. 0.
5.757 1 NAVIGATION 0 2 0. 0. 0. 0. 0 0
5.774 1 GPS 0 0 0 0 0 0 0 0 0 0 1
5.822 1 WP_MOVED 5 360422. 4813583.5 75. 31
5.922 1 GPS_SOL 0 0 0 0
5.969 1 DOWNLINK_STATUS 6 2956 131 0 525. 24. -1.35311175955e+12
6.007 1 NAVIGATION 0 2 0. 0. 0. 0. 0 0
6.024 1 GPS 0 0 0 0 0 0 0 0 0 0 1
6.029 1 NAVIGATION 0 2 0. 0. 0. 0. 0 0
6.122 1 ATTITUDE 0.001443 -1.820174 0.000126
6.221 1 ESTIMATOR 0. 0.
6.225 1 ENERGY 0. 0. 0 0.
6.257 1 NAVIGATION 0 2 0. 0. 0. 0. 0 0
6.274 1 GPS 0 0 0 0 0 0 0 0 0 0 1
6.322 1 WP_MOVED 6 360165.8125 4813664.5 75. 31
6.326 1 ALIVE 68,230,201,177,229,211,64,56,73,125,45,2,113,245,219,42
6.421 1 PPRZ_MODE 2 0 0 0 0 6
6.507 1 NAVIGATION 0 2 0. 0. 0. 0. 0 0
6.524 1 GPS 0 0 0 0 0 0 0 0 0 0 1
6.528 1 BAT 0 0 0 0 1 111 0 0
6.622 1 ATTITUDE -0.021322 -1.772481 -0.005111
6.625 1 IMU_GYRO 0.268066 -0.011475 -0.084961
6.626 1 STATE_FILTER_STATUS 3 0
6.675 1 DESIRED 0. 0. 0. 0. 0. 50. 0.
6.721 1 ESTIMATOR 0. 0.
6.756 1 NAVIGATION 0 2 0. 0. 0. 0. 0 0
6.774 1 GPS 0 0 0 0 0 0 0 0 0 0 1
6.822 1 WP_MOVED 7 360559.40625 4813804.5 75. 31
6.824 1 DL_VALUE 8 0.
6.970 1 DOWNLINK_STATUS 7 3469 154 0 513. 23. -1.35311175955e+12
7.007 1 NAVIGATION 0 2 0. 0. 0. 0. 0 0
7.024 1 GPS 0 0 0 0 0 0 0 0 0 0 1
7.029 1 NAVIGATION 0 2 0. 0. 0. 0. 0 0
7.122 1 ATTITUDE -0.023934 -1.766731 -0.007374
7.221 1 ESTIMATOR 0. 0.
7.256 1 NAVIGATION 0 2 0. 0. 0. 0. 0 0
7.274 1 GPS 0 0 0 0 0 0 0 0 0 0 1
7.322 1 WP_MOVED 8 360462.40625 4813640. 30. 31
7.324 1 CALIBRATION 0. 0
7.504 1 FBW_STATUS 2 0 1 0 0
7.509 1 NAVIGATION 0 2 0. 0. 0. 0. 0 0
7.524 1 GPS 0 0 0 0 0 0 0 0 0 0 1
7.622 1 ATTITUDE -0.017452 -1.769597 -0.00615
7.625 1 BAT 0 0 0 0 1 112 0 0
7.721 1 ESTIMATOR 0. 0.
7.727 1 DESIRED 0. 0. 0. 0. 0. 50. 0.
7.730 1 IMU_GYRO 0.119141 0.061523 -0.034912
7.756 1 NAVIGATION 0 2 0. 0. 0. 0. 0 0
7.774 1 GPS 0 0 0 0 0 0 0 0 0 0 1
7.822 1 WP_MOVED 9 360313.8125 4813652. 0. 31
7.922 1 GPS_SOL 0 0 0 0
7.971 1 DOWNLINK_STATUS 8 3949 175 0 480. 21. -1.35311175955e+12
8.007 1 NAVIGATION 0 2 0. 0. 0. 0. 0 0
8.024 1 GPS 0 0 0 0 0 0 0 0 0 0 1
8.029 1 NAVIGATION 0 2 0. 0. 0. 0. 0 0
8.122 1 ATTITUDE -0.027393 -1.767141 -0.009225
8.221 1 ESTIMATOR 0. 0.
8.256 1 NAVIGATION 0 2 0. 0. 0. 0. 0 0
8.274 1 GPS 0 0 0 0 0 0 0 0 0 0 1
8.322 1 WP_MOVED 10 360453.8125 4813581. 75. 31
8.324 1 DL_VALUE 9 1.
8.506 1 NAVIGATION 0 2 0. 0. 0. 0. 0 0
8.524 1 GPS 0 0 0 0 0 0 0 0 0 0 1
8.622 1 ATTITUDE -0.073421 -1.75871 0.005586
8.721 1 ESTIMATOR 0. 0.
8.724 1 BAT 0 0 0 0 1 113 0 0
8.728 1 ENERGY 0. 0. 0 0.
8.756 1 NAVIGATION 0 2 0. 0. 0. 0. 0 0
8.774 1 GPS 0 0 0 0 0 0 0 0 0 0 1
8.780 1 DESIRED 0. 0.01 0. 0. 0. 50. 0.
8.822 1 WP_MOVED 11 360170.5 4813757.5 75. 31
8.825 1 IMU_GYRO -0.014893 0.036133 -0.031738
8.920 1 DOWNLINK 0 483 2457
8.972 1 DOWNLINK_STATUS 9 4429 196 0 480. 21. -1.35311175955e+12
9.007 1 NAVIGATION 0 2 0. 0. 0. 0. 0 0
9.024 1 GPS 0 0 0 0 0 0 0 0 0 0 1
9.029 1 NAVIGATION 0 2 0. 0. 0. 0. 0 0
