26.953 1 GPS 0 0 0 0 0 0 0 0 0 0 1
27.002 1 DOWNLINK_STATUS 4 1993 88 0 555. 25. 0.
27.051 1 ATTITUDE -0.071905 3.134291 0.026125
27.051 1 STATE_FILTER_STATUS 3 0
27.150 1 ESTIMATOR 0. 0.
27.186 1 NAVIGATION 0 2 0. 0. 0. 0. 0 0
27.203 1 GPS 0 0 0 0 0 0 0 0 0 0 1
27.251 1 WP_MOVED 3 360295.09375 4813785. 75. 31
27.304 1 DESIRED 0. 0.01 0. 0. 0. 50. 0.
27.436 1 NAVIGATION 0 2 0. 0. 0. 0. 0 0
27.453 1 GPS 0 0 0 0 0 0 0 0 0 0 1
27.458 1 NAVIGATION 0 2 0. 0. 0. 0. 0 0
27.551 1 ATTITUDE -0.071817 3.134027 0.025968
27.650 1 ESTIMATOR 0. 0.
27.685 1 NAVIGATION 0 2 0. 0. 0. 0. 0 0
27.703 1 GPS 0 0 0 0 0 0 0 0 0 0 1
27.751 1 WP_MOVED 4 360417.3125 4813734. 75. 31
27.755 1 BAT 0 0 0 0 1 31 0 0
27.756 1 DL_VALUE 10 0.
27.757 1 DOWNLINK 0 494 695
27.851 1 IMU_GYRO 0.00415 0.011475 -0.034912
27.933 1 FBW_STATUS 2 0 1 0 0
27.938 1 NAVIGATION 0 2 0. 0. 0. 0. 0 0
27.953 1 GPS 0 0 0 0 0 0 0 0 0 0 1
27.954 1 CALIBRATION 0. 0
28.003 1 DOWNLINK_STATUS 5 2487 111 0 494. 23. 0.
28.051 1 ATTITUDE -0.071835 3.133812 0.025536
28.150 1 ESTIMATOR 0. 0.
28.185 1 NAVIGATION 0 2 0. 0. 0. 0. 0 0
28.203 1 GPS 0 0 0 0 0 0 0 0 0 0 1
28.251 1 WP_MOVED 5 360422. 4813583.5 75. 31
28.353 1 DESIRED 0. 0.01 0. 0. 0. 50. 0.
28.356 1 GPS_SOL 0 0 0 0
28.436 1 NAVIGATION 0 2 0. 0. 0. 0. 0 0
28.453 1 GPS 0 0 0 0 0 0 0 0 0 0 1
28.458 1 NAVIGATION 0 2 0. 0. 0. 0. 0 0
28.503 1 PONG 
28.551 1 ATTITUDE -0.071533 3.1336 0.028181
28.650 1 ESTIMATOR 0. 0.
28.685 1 NAVIGATION 0 2 0. 0. 0. 0. 0 0
28.703 1 GPS 0 0 0 0 0 0 0 0 0 0 1
28.751 1 WP_MOVED 6 360165.8125 4813664.5 75. 31
28.851 1 BAT 0 0 0 0 1 32 0 0
28.936 1 NAVIGATION 0 2 0. 0. 0. 0. 0 0
28.953 1 GPS 0 0 0 0 0 0 0 0 0 0 1
28.956 1 IMU_GYRO 0.006348 0.029785 -0.032959
29.004 1 DOWNLINK_STATUS 6 2948 131 0 461. 20. 3.79
29.051 1 ATTITUDE -0.071724 3.133465 0.0267
29.150 1 ESTIMATOR 0. 0.
29.153 1 ENERGY 0. 0. 0 0.
29.185 1 NAVIGATION 0 2 0. 0. 0. 0. 0 0
29.203 1 GPS 0 0 0 0 0 0 0 0 0 0 1
29.251 1 WP_MOVED 7 360559.40625 4813804.5 75. 31
29.252 1 DL_VALUE 0 0.
29.403 1 DESIRED 0. 0.01 0. 0. 0. 50. 0.
29.436 1 NAVIGATION 0 2 0. 0. 0. 0. 0 0
29.453 1 GPS 0 0 0 0 0 0 0 0 0 0 1
29.458 1 NAVIGATION 0 2 0. 0. 0. 0. 0 0
29.551 1 ATTITUDE -0.071724 3.133337 0.026188
29.650 1 ESTIMATOR 0. 0.
29.685 1 NAVIGATION 0 2 0. 0. 0. 0. 0 0
29.703 1 GPS 0 0 0 0 0 0 0 0 0 0 1
29.751 1 WP_MOVED 8 360462.40625 4813640. 30. 31
29.933 1 FBW_STATUS 2 0 1 0 0
29.940 1 NAVIGATION 0 2 0. 0. 0. 0. 0 0
29.953 1 GPS 0 0 0 0 0 0 0 0 0 0 1
29.957 1 BAT 0 0 0 0 1 34 0 0
30.005 1 DOWNLINK_STATUS 7 3413 151 0 465. 20. 3.79
30.051 1 ATTITUDE -0.071408 3.133063 0.029315
30.054 1 IMU_GYRO 0.00415 0.013672 -0.034912
30.055 1 CALIBRATION 0. 0
30.150 1 ESTIMATOR 0. 0.
30.185 1 NAVIGATION 0 2 0. 0. 0. 0. 0 0
30.203 1 GPS 0 0 0 0 0 0 0 0 0 0 1
30.251 1 WP_MOVED 9 360313.8125 4813652. 0. 31
30.350 1 GPS_SOL 0 0 0 0
30.436 1 NAVIGATION 0 2 0. 0. 0. 0. 0 0
30.453 1 GPS 0 0 0 0 0 0 0 0 0 0 1
30.458 1 NAVIGATION 0 2 0. 0. 0. 0. 0 0
30.464 1 DESIRED 0. 0.01 0. 0. 0. 50. 0.
30.551 1 ATTITUDE -0.071402 3.132967 0.029307
30.650 1 ESTIMATOR 0. 0.
30.685 1 NAVIGATION 0 2 0. 0. 0. 0. 0 0
30.703 1 GPS 0 0 0 0 0 0 0 0 0 0 1
30.751 1 WP_MOVED 10 360453.8125 4813581. 75. 31
30.753 1 DL_VALUE 1 0.
30.936 1 NAVIGATION 0 2 0. 0. 0. 0. 0 0
30.953 1 GPS 0 0 0 0 0 0 0 0 0 0 1
31.006 1 DOWNLINK_STATUS 8 3870 171 0 457. 20. 3.79
31.033 1 COMMANDS 0,528,-407,0
31.051 1 ATTITUDE -0.071445 3.132802 0.029257
31.054 1 BAT 0 0 0 0 1 35 0 0
31.134 1 ACTUATORS 0,1120,1498,1450,1527,1527
31.150 1 ESTIMATOR 0. 0.
31.153 1 IMU_GYRO 0.008301 0.032959 -0.033936
31.185 1 NAVIGATION 0 2 0. 0. 0. 0. 0 0
31.203 1 GPS 0 0 0 0 0 0 0 0 0 0 1
31.251 1 WP_MOVED 11 360170.5 4813757.5 75. 31
31.436 1 NAVIGATION 0 2 0. 0. 0. 0. 0 0
31.456 1 GPS 0 0 0 0 0 0 0 0 0 0 1
31.458 1 NAVIGATION 0 2 0. 0. 0. 0. 0 0
31.503 1 DESIRED 0. 0.01 0. 0. 0. 50. 0.
31.551 1 ATTITUDE -0.071272 3.132602 0.031758
31.650 1 ESTIMATOR 0. 0.
31.653 1 ENERGY 0. 0. 0 0.
31.685 1 NAVIGATION 0 2 0. 0. 0. 0. 0 0
31.703 1 GPS 0 0 0 0 0 0 0 0 0 0 1
31.751 1 WP_MOVED 0 360327. 4813637. 75. 31
31.755 1 ALIVE 68,230,201,177,229,211,64,56,73,125,45,2,113,245,219,42
31.849 1 PPRZ_MODE 2 0 0 0 0 6
31.933 1 FBW_STATUS 2 0 1 0 0
31.938 1 NAVIGATION 0 2 0. 0. 0. 0. 0 0
31.953 1 GPS 0 0 0 0 0 0 0 0 0 0 1
32.006 1 DOWNLINK_STATUS 9 4411 195 0 541. 24. 3.79
32.051 1 ATTITUDE -0.069943 3.132404 0.042877
32.051 1 STATE_FILTER_STATUS 3 0
32.150 1 ESTIMATOR 0. 0.
32.153 1 BAT 0 0 0 0 1 36 0 0
32.155 1 CALIBRATION 0. 0
32.185 1 NAVIGATION 0 2 0. 0. 0. 0. 0 0
32.203 1 GPS 0 0 0 0 0 0 0 0 0 0 1
32.251 1 WP_MOVED 1 360285. 4813595. 75. 31
32.255 1 IMU_GYRO 0.006348 0.030762 -0.033936
32.256 1 DL_VALUE 2 50.
32.350 1 GPS_SOL 0 0 0 0
32.435 1 NAVIGATION 0 2 0. 0. 0. 0. 0 0
32.453 1 GPS 0 0 0 0 0 0 0 0 0 0 1
32.458 1 NAVIGATION 0 2 0. 0. 0. 0. 0 0
32.550 1 ATTITUDE -0.069757 3.132165 0.044641
32.556 1 DESIRED 0. 0.01 0. 0. 0. 50. 0.
32.650 1 ESTIMATOR 0. 0.
32.685 1 NAVIGATION 0 2 0. 0. 0. 0. 0 0
32.703 1 GPS 0 0 0 0 0 0 0 0 0 0 1
32.751 1 WP_MOVED 2 360334.5 4813695. 75. 31
32.849 1 DOWNLINK 0 483 805
32.936 1 NAVIGATION 0 2 0. 0. 0. 0. 0 0
32.953 1 GPS 0 0 0 0 0 0 0 0 0 0 1
33.007 1 DOWNLINK_STATUS 10 4908 218 0 497. 23. 3.79
33.050 1 ATTITUDE -0.069945 3.131962 0.044881
33.150 1 ESTIMATOR 0. 0.
33.185 1 NAVIGATION 0 2 0. 0. 0. 0. 0 0
33.203 1 GPS 0 0 0 0 0 0 0 0 0 0 1
33.251 1 WP_MOVED 3 360295.09375 4813785. 75. 31
33.254 1 BAT 0 0 0 0 1 37 0 0
33.257 1 NAVIGATION_REF 360285 4813595 31
33.350 1 IMU_GYRO 0.00415 -0.005127 -0.037109
33.436 1 NAVIGATION 0 2 0. 0. 0. 0. 0 0
33.453 1 GPS 0 0 0 0 0 0 0 0 0 0 1
33.458 1 NAVIGATION 0 2 0. 0. 0. 0. 0 0
33.505 1 PONG 
33.550 1 ATTITUDE -0.101234 -3.077709 -0.215994
33.603 1 DESIRED 0. 0.06 0. 0. 0. 50. 0.
33.650 1 ESTIMATOR 0. 0.
33.685 1 NAVIGATION 0 2 0. 0. 0. 0. 0 0
33.703 1 GPS 0 0 0 0 0 0 0 0 0 0 1
33.751 1 WP_MOVED 4 360417.3125 4813734. 75. 31
33.753 1 DL_VALUE 3 0.
33.933 1 FBW_STATUS 2 0 1 0 0
33.938 1 NAVIGATION 0 2 0. 0. 0. 0. 0 0
33.953 1 GPS 0 0 0 0 0 0 0 0 0 0 1
34.007 1 DOWNLINK_STATUS 11 5392 240 0 484. 22. 3.77
34.050 1 ATTITUDE -1.854533 -0.417202 -0.435385
34.150 1 ESTIMATOR 0. 0.
34.153 1 ENERGY 0. 0. 0 0.
34.185 1 NAVIGATION 0 2 0. 0. 0. 0. 0 0
34.203 1 GPS 0 0 0 0 0 0 0 0 0 0 1
34.251 1 WP_MOVED 5 360422. 4813583.5 75. 31
34.253 1 CALIBRATION 0. 0
34.351 1 BAT 0 0 0 0 1 38 0 0
34.354 1 GPS_SOL 0 0 0 0
34.436 1 NAVIGATION 0 2 0. 0. 0. 0. 0 0
34.454 1 GPS 0 0 0 0 0 0 0 0 0 0 1
34.457 1 NAVIGATION 0 2 0. 0. 0. 0. 0 0
34.461 1 IMU_GYRO -0.380859 1.726074 1.113037
34.550 1 ATTITUDE -1.94866 -0.501637 -0.326976
34.650 1 ESTIMATOR 0. 0.
34.656 1 DESIRED 0. 0.24 0. 0. 0. 50. 0.
34.685 1 NAVIGATION 0 2 0. 0. 0. 0. 0 0
34.703 1 GPS 0 0 0 0 0 0 0 0 0 0 1
34.751 1 WP_MOVED 6 360165.8125 4813664.5 75. 31
34.935 1 NAVIGATION 0 2 0. 0. 0. 0. 0 0
34.954 1 GPS 0 0 0 0 0 0 0 0 0 0 1
35.008 1 DOWNLINK_STATUS 12 5878 261 0 486. 21. 3.77
35.050 1 ATTITUDE -2.005278 -0.662891 -0.452441
35.150 1 ESTIMATOR 0. 0.
35.185 1 NAVIGATION 0 2 0. 0. 0. 0. 0 0
35.203 1 GPS 0 0 0 0 0 0 0 0 0 0 1
35.251 1 WP_MOVED 7 360559.40625 4813804.5 75. 31
35.253 1 DL_VALUE 4 0.
35.435 1 NAVIGATION 0 2 0. 0. 0. 0. 0 0
35.453 1 GPS 0 0 0 0 0 0 0 0 0 0 1
35.457 1 NAVIGATION 0 2 0. 0. 0. 0. 0 0
35.461 1 BAT 0 0 0 0 1 39 0 0
35.550 1 ATTITUDE -1.648655 -0.82807 -0.364029
35.553 1 IMU_GYRO -0.731934 -0.52124 -0.803467
35.650 1 ESTIMATOR 0. 0.
35.685 1 NAVIGATION 0 2 0. 0. 0. 0. 0 0
35.703 1 GPS 0 0 0 0 0 0 0 0 0 0 1
35.709 1 DESIRED 0. 0.24 0. 0. 0. 50. 0.
35.751 1 WP_MOVED 8 360462.40625 4813640. 30. 31
35.933 1 FBW_STATUS 2 0 1 0 0
35.937 1 NAVIGATION 0 2 0. 0. 0. 0. 0 0
35.953 1 GPS 0 0 0 0 0 0 0 0 0 0 1
36.009 1 DOWNLINK_STATUS 13 6341 281 0 463. 20. 3.77
36.034 1 COMMANDS 0,9600,9600,0
36.050 1 ATTITUDE -1.80813 -0.781596 -0.362247
36.134 1 ACTUATORS 0,1120,1900,1623,2000,2000
36.150 1 ESTIMATOR 0. 0.
36.185 1 NAVIGATION 0 2 0. 0. 0. 0. 0 0
36.203 1 GPS 0 0 0 0 0 0 0 0 0 0 1
36.251 1 WP_MOVED 9 360313.8125 4813652. 0. 31
36.350 1 GPS_SOL 0 0 0 0
36.352 1 CALIBRATION 0. 0
36.435 1 NAVIGATION 0 2 0. 0. 0. 0. 0 0
36.453 1 GPS 0 0 0 0 0 0 0 0 0 0 1
36.457 1 NAVIGATION 0 2 0. 0. 0. 0. 0 0
36.550 1 ATTITUDE -1.084664 -1.615185 -0.349991
36.554 1 BAT 0 0 0 0 1 40 0 0
36.650 1 ESTIMATOR 0. 0.
36.653 1 IMU_GYRO 2.713623 1.837646 0.075439
36.656 1 ENERGY 0. 0. 0 0.
36.685 1 NAVIGATION 0 2 0. 0. 0. 0. 0 0
36.703 1 GPS 0 0 0 0 0 0 0 0 0 0 1
36.751 1 WP_MOVED 10 360453.8125 4813581. 75. 31
36.756 1 DESIRED 0. 0.05 0. 0. 0. 50. 0.
36.758 1 DL_VALUE 5 0.
36.762 1 ALIVE 68,230,201,177,229,211,64,56,73,125,45,2,113,245,219,42
36.849 1 PPRZ_MODE 2 0 0 0 0 6
36.935 1 NAVIGATION 0 2 0. 0. 0. 0. 0 0
36.953 1 GPS 0 0 0 0 0 0 0 0 0 0 1
37.010 1 DOWNLINK_STATUS 14 6907 307 0 566. 26. 3.77
37.050 1 ATTITUDE -0.220886 -1.919708 -0.566291
37.051 1 STATE_FILTER_STATUS 3 0
37.149 1 ESTIMATOR 0. 0.
37.185 1 NAVIGATION 0 2 0. 0. 0. 0. 0 0
37.203 1 GPS 0 0 0 0 0 0 0 0 0 0 1
37.251 1 WP_MOVED 11 360170.5 4813757.5 75. 31
37.435 1 NAVIGATION 0 2 0. 0. 0. 0. 0 0
37.453 1 GPS 0 0 0 0 0 0 0 0 0 0 1
37.457 1 NAVIGATION 0 2 0. 0. 0. 0. 0 0
37.550 1 ATTITUDE 0.118287 -1.945298 -0.439662
37.649 1 ESTIMATOR 0. 0.
37.653 1 BAT 0 0 0 0 1 41 0 0
37.685 1 NAVIGATION 0 2 0. 0. 0. 0. 0 0
37.703 1 GPS 0 0 0 0 0 0 0 0 0 0 1
37.751 1 WP_MOVED 0 360327. 4813637. 75. 31
37.754 1 IMU_GYRO -1.538818 1.697266 -1.289795
37.803 1 DESIRED 0. 0.01 0. 0. 0. 50. 0.
37.933 1 FBW_STATUS 2 0 1 0 0
37.937 1 NAVIGATION 0 2 0. 0. 0. 0. 0 0
37.953 1 GPS 0 0 0 0 0 0 0 0 0 0 1
37.956 1 DOWNLINK 0 496 917
38.011 1 DOWNLINK_STATUS 15 7379 328 0 472. 21. 3.77
38.050 1 ATTITUDE -0.214653 -2.119713 -0.310457
38.149 1 ESTIMATOR 0. 0.
38.185 1 NAVIGATION 0 2 0. 0. 0. 0. 0 0
38.203 1 GPS 0 0 0 0 0 0 0 0 0 0 1
38.250 1 WP_MOVED 1 360285. 4813595. 75. 31
38.252 1 DL_VALUE 6 100.
38.350 1 GPS_SOL 0 0 0 0
38.435 1 NAVIGATION 0 2 0. 0. 0. 0. 0 0
38.453 1 GPS 0 0 0 0 0 0 0 0 0 0 1
38.457 1 NAVIGATION 0 2 0. 0. 0. 0. 0 0
38.459 1 CALIBRATION 0. 0
38.506 1 PONG 
38.550 1 ATTITUDE -0.058047 -2.363175 -0.336085
38.649 1 ESTIMATOR 0. 0.
38.685 1 NAVIGATION 0 2 0. 0. 0. 0. 0 0
38.703 1 GPS 0 0 0 0 0 0 0 0 0 0 1
38.750 1 WP_MOVED 2 360334.5 4813695. 75. 31
38.754 1 BAT 0 0 0 0 1 42 0 0
38.853 1 DESIRED 0. 0.01 0. 0. 0. 50. 0.
38.856 1 IMU_GYRO -0.849121 -0.268066 -1.748291
38.935 1 NAVIGATION 0 2 0. 0. 0. 0. 0 0
38.953 1 GPS 0 0 0 0 0 0 0 0 0 0 1
39.012 1 DOWNLINK_STATUS 16 7862 350 0 483. 22. 3.79
39.050 1 ATTITUDE -0.062275 -2.256189 -0.126481
39.149 1 ESTIMATOR 0. 0.
39.153 1 ENERGY 0. 0. 0 0.
39.185 1 NAVIGATION 0 2 0. 0. 0. 0. 0 0
39.203 1 GPS 0 0 0 0 0 0 0 0 0 0 1
39.250 1 WP_MOVED 3 360295.09375 4813785. 75. 31
39.435 1 NAVIGATION 0 2 0. 0. 0. 0. 0 0
39.453 1 GPS 0 0 0 0 0 0 0 0 0 0 1
39.459 1 NAVIGATION 0 2 0. 0. 0. 0. 0 0
39.550 1 ATTITUDE 0.019624 -2.120022 -0.147411
39.649 1 ESTIMATOR 0. 0.
39.685 1 NAVIGATION 0 2 0. 0. 0. 0. 0 0
39.703 1 GPS 0 0 0 0 0 0 0 0 0 0 1
39.750 1 WP_MOVED 4 360417.3125 4813734. 75. 31
39.752 1 DL_VALUE 7 2.
39.850 1 BAT 0 0 0 0 1 43 0 0
39.903 1 DESIRED 0. 0.01 0. 0. 0. 50. 0.
39.933 1 FBW_STATUS 2 0 1 0 0
39.937 1 NAVIGATION 0 2 0. 0. 0. 0. 0 0
39.953 1 GPS 0 0 0 0 0 0 0 0 0 0 1
39.956 1 IMU_GYRO 0.53833 0.433105 0.065918
40.013 1 DOWNLINK_STATUS 17 8345 371 0 483. 21. 3.79
40.050 1 ATTITUDE 0.018748 -2.180963 -0.11911
40.149 1 ESTIMATOR 0. 0.
40.168 1 WIND_INFO 1 42 0. 0. 0.
40.185 1 NAVIGATION 0 2 0. 0. 0. 0. 0 0
40.203 1 GPS 0 0 0 0 0 0 0 0 0 0 1
40.250 1 WP_MOVED 5 360422. 4813583.5 75. 31
40.350 1 GPS_SOL 0 0 0 0
40.435 1 NAVIGATION 0 2 0. 0. 0. 0. 0 0
40.453 1 GPS 0 0 0 0 0 0 0 0 0 0 1
40.457 1 NAVIGATION 0 2 0. 0. 0. 0. 0 0
40.550 1 ATTITUDE 0.012511 -2.162651 -0.087508
40.552 1 CALIBRATION 0. 0
40.649 1 ESTIMATOR 0. 0.
40.685 1 NAVIGATION 0 2 0. 0. 0. 0. 0 0
40.703 1 GPS 0 0 0 0 0 0 0 0 0 0 1
40.750 1 WP_MOVED 6 360165.8125 4813664.5 75. 31
40.935 1 NAVIGATION 0 2 0. 0. 0. 0. 0 0
40.953 1 GPS 0 0 0 0 0 0 0 0 0 0 1
40.959 1 DESIRED 0. 0. 0. 0. 0. 50. 0.
40.962 1 BAT 0 0 0 0 1 45 0 0
41.013 1 DOWNLINK_STATUS 18 8793 390 0 448. 19. 3.79
41.033 1 COMMANDS 0,-71,1673,0
41.050 1 ATTITUDE 0.009475 -2.160549 -0.082594
41.053 1 IMU_GYRO 0.008301 -0.006348 -0.036133
41.134 1 ACTUATORS 0,1120,1582,1439,1497,1497
41.149 1 ESTIMATOR 0. 0.
41.185 1 NAVIGATION 0 2 0. 0. 0. 0. 0 0
41.203 1 GPS 0 0 0 0 0 0 0 0 0 0 1
41.250 1 WP_MOVED 7 360559.40625 4813804.5 75. 31
41.252 1 DL_VALUE 8 0.
41.435 1 NAVIGATION 0 2 0. 0. 0. 0. 0 0
41.453 1 GPS 0 0 0 0 0 0 0 0 0 0 1
41.457 1 NAVIGATION 0 2 0. 0. 0. 0. 0 0
41.550 1 ATTITUDE 0.008292 -2.160685 -0.112579
41.649 1 ESTIMATOR 0. 0.
41.653 1 ENERGY 0. 0. 0 0.
41.685 1 NAVIGATION 0 2 0. 0. 0. 0. 0 0
41.703 1 GPS 0 0 0 0 0 0 0 0 0 0 1
41.750 1 WP_MOVED 8 360462.40625 4813640. 30. 31
41.754 1 ALIVE 68,230,201,177,229,211,64,56,73,125,45,2,113,245,219,42
41.849 1 PPRZ_MODE 2 0 0 0 0 6
41.933 1 FBW_STATUS 2 0 1 0 0
41.937 1 NAVIGATION 0 2 0. 0. 0. 0. 0 0
41.953 1 GPS 0 0 0 0 0 0 0 0 0 0 1
42.003 1 DESIRED 0. 0. 0. 0. 0. 50. 0.
42.014 1 DOWNLINK_STATUS 19 9325 414 0 532. 24. 3.79
42.050 1 ATTITUDE 0.001915 -2.156721 -0.076359
42.053 1 BAT 0 0 0 0 1 46 0 0
42.054 1 STATE_FILTER_STATUS 3 0
42.149 1 ESTIMATOR 0. 0.
42.152 1 IMU_GYRO 0.00415 0.009521 -0.033936
42.185 1 NAVIGATION 0 2 0. 0. 0. 0. 0 0
42.202 1 GPS 0 0 0 0 0 0 0 0 0 0 1
42.250 1 WP_MOVED 9 360313.8125 4813652. 0. 31
42.253 1 NAVIGATION_REF 360285 4813595 31
42.350 1 GPS_SOL 0 0 0 0
42.435 1 NAVIGATION 0 2 0. 0. 0. 0. 0 0
42.452 1 GPS 0 0 0 0 0 0 0 0 0 0 1
42.457 1 NAVIGATION 0 2 0. 0. 0. 0. 0 0
42.550 1 ATTITUDE 0.006189 -2.1601 -0.172875
42.649 1 ESTIMATOR 0. 0.
42.651 1 CALIBRATION 0. 0
42.685 1 NAVIGATION 0 2 0. 0. 0. 0. 0 0
42.702 1 GPS 0 0 0 0 0 0 0 0 0 0 1
42.750 1 WP_MOVED 10 360453.8125 4813581. 75. 31
42.752 1 DL_VALUE 9 1.
42.935 1 NAVIGATION 0 2 0. 0. 0. 0. 0 0
42.952 1 GPS 0 0 0 0 0 0 0 0 0 0 1
43.015 1 DOWNLINK_STATUS 20 9792 436 0 467. 22. 3.79
43.050 1 ATTITUDE -0.001898 -2.153575 -0.096199
43.056 1 DESIRED 0. 0. 0. 0. 0. 50. 0.
43.058 1 DOWNLINK 0 485 1028
43.149 1 ESTIMATOR 0. 0.
43.153 1 BAT 0 0 0 0 1 47 0 0
43.185 1 NAVIGATION 0 2 0. 0. 0. 0. 0 0
43.202 1 GPS 0 0 0 0 0 0 0 0 0 0 1
43.250 1 WP_MOVED 11 360170.5 4813757.5 75. 31
43.253 1 IMU_GYRO -0.0979 0.235107 -0.032959
43.435 1 NAVIGATION 0 2 0. 0. 0. 0. 0 0
43.452 1 GPS 0 0 0 0 0 0 0 0 0 0 1
43.457 1 NAVIGATION 0 2 0. 0. 0. 0. 0 0
43.507 1 PONG 
43.550 1 ATTITUDE -0.001692 -2.162108 -0.174187
43.649 1 ESTIMATOR 0. 0.
43.685 1 NAVIGATION 0 2 0. 0. 0. 0. 0 0
43.702 1 GPS 0 0 0 0 0 0 0 0 0 0 1
43.750 1 WP_MOVED 0 360327. 4813637. 75. 31
43.932 1 FBW_STATUS 2 0 1 0 0
43.937 1 NAVIGATION 0 2 0. 0. 0. 0. 0 0
43.952 1 GPS 0 0 0 0 0 0 0 0 0 0 1
44.016 1 DOWNLINK_STATUS 21 10261 457 0 469. 21. 3.79
44.050 1 ATTITUDE -0.047145 -2.252103 -1.080782
44.103 1 DESIRED 0. 0.01 0. 0. 0. 50. 0.
44.149 1 ESTIMATOR 0. 0.
44.153 1 ENERGY 0. 0. 0 0.
44.185 1 NAVIGATION 0 2 0. 0. 0. 0. 0 0
44.202 1 GPS 0 0 0 0 0 0 0 0 0 0 1
44.250 1 WP_MOVED 1 360285. 4813595. 75. 31
44.254 1 BAT 0 0 0 0 1 48 0 0
44.256 1 DL_VALUE 10 0.
44.350 1 IMU_GYRO 0.249023 -0.388428 0.163818
44.353 1 GPS_SOL 0 0 0 0
44.435 1 NAVIGATION 0 2 0. 0. 0. 0. 0 0
44.452 1 GPS 0 0 0 0 0 0 0 0 0 0 1
44.457 1 NAVIGATION 0 2 0. 0. 0. 0. 0 0
44.550 1 ATTITUDE -0.051643 -2.324642 -1.424284
44.649 1 ESTIMATOR 0. 0.
44.684 1 NAVIGATION 0 2 0. 0. 0. 0. 0 0
44.702 1 GPS 0 0 0 0 0 0 0 0 0 0 1
44.750 1 WP_MOVED 2 360334.5 4813695. 75. 31
44.752 1 CALIBRATION 0. 0
44.935 1 NAVIGATION 0 2 0. 0. 0. 0. 0 0
44.952 1 GPS 0 0 0 0 0 0 0 0 0 0 1
45.017 1 DOWNLINK_STATUS 22 10758 479 0 497. 22. 3.79
45.050 1 ATTITUDE 0.067083 -2.447937 -1.345175
45.149 1 ESTIMATOR 0. 0.
45.155 1 DESIRED 0. 0.02 0. 0. 0. 50. 0.
45.184 1 NAVIGATION 0 2 0. 0. 0. 0. 0 0
45.202 1 GPS 0 0 0 0 0 0 0 0 0 0 1
45.250 1 WP_MOVED 3 360295.09375 4813785. 75. 31
45.350 1 BAT 0 0 0 0 1 49 0 0
45.435 1 NAVIGATION 0 2 0. 0. 0. 0. 0 0
45.452 1 GPS 0 0 0 0 0 0 0 0 0 0 1
45.457 1 NAVIGATION 0 2 0. 0. 0. 0. 0 0
45.460 1 IMU_GYRO -0.001953 1.656738 -0.012695
45.550 1 ATTITUDE 0.034251 -2.357408 -0.866895
45.649 1 ESTIMATOR 0. 0.
45.684 1 NAVIGATION 0 2 0. 0. 0. 0. 0 0
45.702 1 GPS 0 0 0 0 0 0 0 0 0 0 1
45.750 1 WP_MOVED 4 360417.3125 4813734. 75. 31
45.752 1 DL_VALUE 0 0.
45.932 1 FBW_STATUS 2 0 1 0 0
45.937 1 NAVIGATION 0 2 0. 0. 0. 0. 0 0
45.952 1 GPS 0 0 0 0 0 0 0 0 0 0 1
46.018 1 DOWNLINK_STATUS 23 11221 499 0 463. 20. 3.79
46.032 1 COMMANDS 0,-451,-4234,0
46.050 1 ATTITUDE 0.064659 -2.227443 0.206043
46.133 1 ACTUATORS 0,1120,1222,1436,1484,1484
46.149 1 ESTIMATOR 0. 0.
46.184 1 NAVIGATION 0 2 0. 0. 0. 0. 0 0
46.202 1 GPS 0 0 0 0 0 0 0 0 0 0 1
46.208 1 DESIRED 0. 0. 0. 0. 0. 50. 0.
46.250 1 WP_MOVED 5 360422. 4813583.5 75. 31
46.349 1 GPS_SOL 0 0 0 0
46.434 1 NAVIGATION 0 2 0. 0. 0. 0. 0 0
46.452 1 GPS 0 0 0 0 0 0 0 0 0 0 1
46.457 1 NAVIGATION 0 2 0. 0. 0. 0. 0 0
46.460 1 BAT 0 0 0 0 1 50 0 0
46.550 1 ATTITUDE -0.019055 -2.234112 0.570928
46.553 1 IMU_GYRO -0.02124 0.323486 -0.061523
46.649 1 ESTIMATOR 0. 0.
46.652 1 ENERGY 0. 0. 0 0.
46.684 1 NAVIGATION 0 2 0. 0. 0. 0. 0 0
46.702 1 GPS 0 0 0 0 0 0 0 0 0 0 1
46.750 1 WP_MOVED 6 360165.8125 4813664.5 75. 31
46.754 1 ALIVE 68,230,201,177,229,211,64,56,73,125,45,2,113,245,219,42
46.848 1 CALIBRATION 0. 0
46.850 1 PPRZ_MODE 2 0 0 0 0 6
46.935 1 NAVIGATION 0 2 0. 0. 0. 0. 0 0
46.952 1 GPS 0 0 0 0 0 0 0 0 0 0 1
47.019 1 DOWNLINK_STATUS 24 11776 524 0 555. 25. 3.79
47.050 1 ATTITUDE 0.011837 -2.243032 0.525185
47.050 1 STATE_FILTER_STATUS 3 0
47.149 1 ESTIMATOR 0. 0.
47.184 1 NAVIGATION 0 2 0. 0. 0. 0. 0 0
47.202 1 GPS 0 0 0 0 0 0 0 0 0 0 1
47.250 1 WP_MOVED 7 360559.40625 4813804.5 75. 31
47.256 1 DESIRED 0. 0. 0. 0. 0. 50. 0.
47.258 1 DL_VALUE 1 0.
47.435 1 NAVIGATION 0 2 0. 0. 0. 0. 0 0
47.452 1 GPS 0 0 0 0 0 0 0 0 0 0 1
47.457 1 NAVIGATION 0 2 0. 0. 0. 0. 0 0
47.550 1 ATTITUDE -0.033235 -2.261668 0.093714
47.553 1 BAT 0 0 0 0 1 51 0 0
47.649 1 ESTIMATOR 0. 0.
47.652 1 IMU_GYRO 0.051025 0.147705 -0.13501
47.684 1 NAVIGATION 0 2 0. 0. 0. 0. 0 0
47.702 1 GPS 0 0 0 0 0 0 0 0 0 0 1
47.750 1 WP_MOVED 8 360462.40625 4813640. 30. 31
47.932 1 FBW_STATUS 2 0 1 0 0
47.937 1 NAVIGATION 0 2 0. 0. 0. 0. 0 0
47.952 1 GPS 0 0 0 0 0 0 0 0 0 0 1
48.020 1 DOWNLINK_STATUS 25 12248 545 0 472. 21. 3.79
48.050 1 ATTITUDE -0.045441 -2.443336 0.009361
48.149 1 ESTIMATOR 0. 0.
48.151 1 DOWNLINK 0 477 1137
48.184 1 NAVIGATION 0 2 0. 0. 0. 0. 0 0
48.202 1 GPS 0 0 0 0 0 0 0 0 0 0 1
48.250 1 WP_MOVED 9 360313.8125 4813652. 0. 31
48.302 1 DESIRED 0. 0.01 0. 0. 0. 50. 0.
48.349 1 GPS_SOL 0 0 0 0
48.435 1 NAVIGATION 0 2 0. 0. 0. 0. 0 0
48.452 1 GPS 0 0 0 0 0 0 0 0 0 0 1
48.457 1 NAVIGATION 0 2 0. 0. 0. 0. 0 0
48.508 1 PONG 
48.550 1 ATTITUDE -0.048512 -2.441766 0.017797
48.649 1 ESTIMATOR 0. 0.
48.652 1 BAT 0 0 0 0 1 52 0 0
48.684 1 NAVIGATION 0 2 0. 0. 0. 0. 0 0
48.702 1 GPS 0 0 0 0 0 0 0 0 0 0 1
48.750 1 WP_MOVED 10 360453.8125 4813581. 75. 31
48.753 1 IMU_GYRO 0.006348 0.009521 -0.039307
48.755 1 DL_VALUE 2 50.
48.935 1 NAVIGATION 0 2 0. 0. 0. 0. 0 0
48.952 1 GPS 0 0 0 0 0 0 0 0 0 0 1
48.954 1 CALIBRATION 0. 0
49.021 1 DOWNLINK_STATUS 26 12742 568 0 494. 23. 3.81
49.049 1 ATTITUDE -0.050895 -2.443743 0.018531
49.149 1 ESTIMATOR 0. 0.
49.152 1 ENERGY 0. 0. 0 0.
49.184 1 NAVIGATION 0 2 0. 0. 0. 0. 0 0
49.202 1 GPS 0 0 0 0 0 0 0 0 0 0 1
49.250 1 WP_MOVED 11 360170.5 4813757.5 75. 31
49.352 1 DESIRED 0. 0.01 0. 0. 0. 50. 0.
49.435 1 NAVIGATION 0 2 0. 0. 0. 0. 0 0
49.452 1 GPS 0 0 0 0 0 0 0 0 0 0 1
49.457 1 NAVIGATION 0 2 0. 0. 0. 0. 0 0
49.549 1 ATTITUDE -0.052311 -2.440604 0.017782
49.649 1 ESTIMATOR 0. 0.
49.684 1 NAVIGATION 0 2 0. 0. 0. 0. 0 0
49.702 1 GPS 0 0 0 0 0 0 0 0 0 0 1
49.750 1 WP_MOVED 0 360327. 4813637. 75. 31
49.753 1 BAT 0 0 0 0 1 53 0 0
49.849 1 IMU_GYRO 0.001953 0.026367 -0.029785
49.934 1 NAVIGATION 0 2 0. 0. 0. 0. 0 0
49.936 1 FBW_STATUS 2 0 1 0 0
49.952 1 GPS 0 0 0 0 0 0 0 0 0 0 1
50.022 1 DOWNLINK_STATUS 27 13214 588 0 472. 20. 3.81
50.049 1 ATTITUDE -0.051649 -2.435721 0.012272
50.149 1 ESTIMATOR 0. 0.
50.168 1 WIND_INFO 1 42 0. 0. 0.
50.184 1 NAVIGATION 0 2 0. 0. 0. 0. 0 0
50.202 1 GPS 0 0 0 0 0 0 0 0 0 0 1
50.250 1 WP_MOVED 1 360285. 4813595. 75. 31
50.251 1 DL_VALUE 3 0.
50.349 1 GPS_SOL 0 0 0 0
50.402 1 DESIRED 0. 0.01 0. 0. 0. 50. 0.
50.435 1 NAVIGATION 0 2 0. 0. 0. 0. 0 0
50.452 1 GPS 0 0 0 0 0 0 0 0 0 0 1
50.457 1 NAVIGATION 0 2 0. 0. 0. 0. 0 0
50.549 1 ATTITUDE -0.0524 -2.433293 0.01068
50.649 1 ESTIMATOR 0. 0.
50.684 1 NAVIGATION 0 2 0. 0. 0. 0. 0 0
50.702 1 GPS 0 0 0 0 0 0 0 0 0 0 1
50.750 1 WP_MOVED 2 360334.5 4813695. 75. 31
50.850 1 BAT 0 0 0 0 1 54 0 0
50.934 1 NAVIGATION 0 2 0. 0. 0. 0. 0 0
50.952 1 GPS 0 0 0 0 0 0 0 0 0 0 1
50.955 1 IMU_GYRO 0.006348 0.011475 -0.033936
51.023 1 DOWNLINK_STATUS 28 13680 608 0 466. 20. 3.81
51.032 1 COMMANDS 0,397,-98,0
51.049 1 ATTITUDE -0.053783 -2.430346 0.011974
51.051 1 CALIBRATION 0. 0
51.133 1 ACTUATORS 0,1120,1510,1447,1520,1520
51.149 1 ESTIMATOR 0. 0.
51.184 1 NAVIGATION 0 2 0. 0. 0. 0. 0 0
51.202 1 GPS 0 0 0 0 0 0 0 0 0 0 1
51.250 1 WP_MOVED 3 360295.09375 4813785. 75. 31
51.252 1 NAVIGATION_REF 360285 4813595 31
51.435 1 NAVIGATION 0 2 0. 0. 0. 0. 0 0
51.452 1 GPS 0 0 0 0 0 0 0 0 0 0 1
51.456 1 NAVIGATION 0 2 0. 0. 0. 0. 0 0
51.462 1 DESIRED 0. 0.01 0. 0. 0. 50. 0.
51.549 1 ATTITUDE -0.058121 -2.425862 0.021966
51.649 1 ESTIMATOR 0. 0.
51.652 1 ENERGY 0. 0. 0 0.
51.684 1 NAVIGATION 0 2 0. 0. 0. 0. 0 0
51.702 1 GPS 0 0 0 0 0 0 0 0 0 0 1
51.750 1 WP_MOVED 4 360417.3125 4813734. 75. 31
51.752 1 DL_VALUE 4 0.
51.756 1 ALIVE 68,230,201,177,229,211,64,56,73,125,45,2,113,245,219,42
51.848 1 PPRZ_MODE 2 0 0 0 0 6
51.932 1 FBW_STATUS 2 0 1 0 0
51.936 1 NAVIGATION 0 2 0. 0. 0. 0. 0 0
51.952 1 GPS 0 0 0 0 0 0 0 0 0 0 1
51.955 1 BAT 0 0 0 0 1 56 0 0
52.024 1 DOWNLINK_STATUS 29 14240 634 0 560. 26. 3.81
52.049 1 ATTITUDE -0.048481 -2.390334 0.012928
52.052 1 IMU_GYRO 0.038086 -0.005127 -0.048828
52.053 1 STATE_FILTER_STATUS 3 0
52.149 1 ESTIMATOR 0. 0.
52.184 1 NAVIGATION 0 2 0. 0. 0. 0. 0 0
52.202 1 GPS 0 0 0 0 0 0 0 0 0 0 1
52.250 1 WP_MOVED 5 360422. 4813583.5 75. 31
52.349 1 GPS_SOL 0 0 0 0
52.434 1 NAVIGATION 0 2 0. 0. 0. 0. 0 0
52.452 1 GPS 0 0 0 0 0 0 0 0 0 0 1
52.456 1 NAVIGATION 0 2 0. 0. 0. 0. 0 0
52.502 1 DESIRED 0. 0. 0. 0. 0. 50. 0.
52.549 1 ATTITUDE 0.033153 -2.385251 0.022266
52.649 1 ESTIMATOR 0. 0.
52.684 1 NAVIGATION 0 2 0. 0. 0. 0. 0 0
52.702 1 GPS 0 0 0 0 0 0 0 0 0 0 1
52.750 1 WP_MOVED 6 360165.8125 4813664.5 75. 31
52.934 1 NAVIGATION 0 2 0. 0. 0. 0. 0 0
52.952 1 GPS 0 0 0 0 0 0 0 0 0 0 1
53.025 1 DOWNLINK_STATUS 30 14684 653 0 444. 19. 3.81
53.049 1 ATTITUDE -0.047647 -2.288787 -0.021343
53.053 1 BAT 0 0 0 0 1 57 0 0
53.149 1 ESTIMATOR 0. 0.
53.152 1 IMU_GYRO -0.04248 0.956543 0.014893
53.154 1 CALIBRATION 0. 0
53.184 1 NAVIGATION 0 2 0. 0. 0. 0. 0 0
53.202 1 GPS 0 0 0 0 0 0 0 0 0 0 1
53.250 1 WP_MOVED 7 360559.40625 4813804.5 75. 31
53.252 1 DL_VALUE 5 0.
53.253 1 DOWNLINK 0 504 1252
53.434 1 NAVIGATION 0 2 0. 0. 0. 0. 0 0
53.452 1 GPS 0 0 0 0 0 0 0 0 0 0 1
53.456 1 NAVIGATION 0 2 0. 0. 0. 0. 0 0
53.509 1 PONG 
53.549 1 ATTITUDE -0.052364 -2.29077 0.015843
53.555 1 DESIRED 0. 0.01 0. 0. 0. 50. 0.
53.649 1 ESTIMATOR 0. 0.
53.684 1 NAVIGATION 0 2 0. 0. 0. 0. 0 0
53.702 1 GPS 0 0 0 0 0 0 0 0 0 0 1
53.750 1 WP_MOVED 8 360462.40625 4813640. 30. 31
53.932 1 FBW_STATUS 2 0 1 0 0
53.936 1 NAVIGATION 0 2 0. 0. 0. 0. 0 0
53.952 1 GPS 0 0 0 0 0 0 0 0 0 0 1
54.026 1 DOWNLINK_STATUS 31 15175 676 0 491. 23. 3.82
54.049 1 ATTITUDE 0.079464 -2.500126 -0.067925
54.148 1 ESTIMATOR 0. 0.
54.152 1 BAT 0 0 0 0 1 58 0 0
54.155 1 ENERGY 0. 0. 0 0.
54.184 1 NAVIGATION 0 2 0. 0. 0. 0. 0 0
54.202 1 GPS 0 0 0 0 0 0 0 0 0 0 1
54.250 1 WP_MOVED 9 360313.8125 4813652. 0. 31
54.253 1 IMU_GYRO -0.102051 -0.065918 -0.024414
54.349 1 GPS_SOL 0 0 0 0
54.434 1 NAVIGATION 0 2 0. 0. 0. 0. 0 0
54.452 1 GPS 0 0 0 0 0 0 0 0 0 0 1
54.456 1 NAVIGATION 0 2 0. 0. 0. 0. 0 0
54.549 1 ATTITUDE 0.015772 -2.62569 0.016852
54.602 1 DESIRED 0. 0. 0. 0. 0. 50. 0.
54.648 1 ESTIMATOR 0. 0.
54.684 1 NAVIGATION 0 2 0. 0. 0. 0. 0 0
54.702 1 GPS 0 0 0 0 0 0 0 0 0 0 1
54.750 1 WP_MOVED 10 360453.8125 4813581. 75. 31
54.751 1 DL_VALUE 6 100.
54.934 1 NAVIGATION 0 2 0. 0. 0. 0. 0 0
54.952 1 GPS 0 0 0 0 0 0 0 0 0 0 1
55.027 1 DOWNLINK_STATUS 32 15661 697 0 486. 21. 3.82
55.049 1 ATTITUDE -0.003262 -2.635897 0.024795
55.148 1 ESTIMATOR 0. 0.
55.184 1 NAVIGATION 0 2 0. 0. 0. 0. 0 0
55.202 1 GPS 0 0 0 0 0 0 0 0 0 0 1
55.249 1 WP_MOVED 11 360170.5 4813757.5 75. 31
55.253 1 BAT 0 0 0 0 1 59 0 0
55.255 1 CALIBRATION 0. 0
55.349 1 IMU_GYRO 0.540527 -0.145752 -0.038086
55.434 1 NAVIGATION 0 2 0. 0. 0. 0. 0 0
55.452 1 GPS 0 0 0 0 0 0 0 0 0 0 1
55.456 1 NAVIGATION 0 2 0. 0. 0. 0. 0 0
55.549 1 ATTITUDE -0.001641 -2.650828 0.024407
55.648 1 ESTIMATOR 0. 0.
55.654 1 DESIRED 0. 0. 0. 0. 0. 50. 0.
55.684 1 NAVIGATION 0 2 0. 0. 0. 0. 0 0
55.702 1 GPS 0 0 0 0 0 0 0 0 0 0 1
55.749 1 WP_MOVED 0 360327. 4813637. 75. 31
55.934 1 NAVIGATION 0 2 0. 0. 0. 0. 0 0
55.936 1 FBW_STATUS 2 0 1 0 0
55.952 1 GPS 0 0 0 0 0 0 0 0 0 0 1
56.028 1 DOWNLINK_STATUS 33 16124 717 0 463. 20. 3.82
56.032 1 COMMANDS 0,-149,-284,0
56.049 1 ATTITUDE 0.015225 -2.72083 0.017843
56.133 1 ACTUATORS 0,1120,1493,1440,1499,1499
56.148 1 ESTIMATOR 0. 0.
56.184 1 NAVIGATION 0 2 0. 0. 0. 0. 0 0
56.202 1 GPS 0 0 0 0 0 0 0 0 0 0 1
56.249 1 WP_MOVED 1 360285. 4813595. 75. 31
56.251 1 DL_VALUE 7 2.
56.349 1 BAT 0 0 0 0 1 60 0 0
56.352 1 GPS_SOL 0 0 0 0
56.434 1 NAVIGATION 0 2 0. 0. 0. 0. 0 0
56.452 1 GPS 0 0 0 0 0 0 0 0 0 0 1
56.456 1 NAVIGATION 0 2 0. 0. 0. 0. 0 0
56.459 1 IMU_GYRO 0.033936 0.166016 -0.119141
56.549 1 ATTITUDE -0.013847 -2.772815 0.062143
56.648 1 ESTIMATOR 0. 0.
56.652 1 ENERGY 0. 0. 0 0.
56.684 1 NAVIGATION 0 2 0. 0. 0. 0. 0 0
56.702 1 GPS 0 0 0 0 0 0 0 0 0 0 1
56.708 1 DESIRED 0. 0. 0. 0. 0. 50. 0.
56.749 1 WP_MOVED 2 360334.5 4813695. 75. 31
56.753 1 ALIVE 68,230,201,177,229,211,64,56,73,125,45,2,113,245,219,42
56.848 1 PPRZ_MODE 2 0 0 0 0 6
56.934 1 NAVIGATION 0 2 0. 0. 0. 0. 0 0
56.952 1 GPS 0 0 0 0 0 0 0 0 0 0 1
57.029 1 DOWNLINK_STATUS 34 16679 742 0 555. 25. 3.82
57.049 1 ATTITUDE -0.04224 -2.856154 0.114596
57.051 1 STATE_FILTER_STATUS 3 0
57.148 1 ESTIMATOR 0. 0.
57.184 1 NAVIGATION 0 2 0. 0. 0. 0. 0 0
57.202 1 GPS 0 0 0 0 0 0 0 0 0 0 1
57.249 1 WP_MOVED 3 360295.09375 4813785. 75. 31
57.348 1 CALIBRATION 0. 0
57.434 1 NAVIGATION 0 2 0. 0. 0. 0. 0 0
57.452 1 GPS 0 0 0 0 0 0 0 0 0 0 1
57.456 1 NAVIGATION 0 2 0. 0. 0. 0. 0 0
57.460 1 BAT 0 0 0 0 1 61 0 0
57.549 1 ATTITUDE 0.068968 -2.77978 0.028762
57.552 1 IMU_GYRO -0.157471 0.19043 -0.431885
57.648 1 ESTIMATOR 0. 0.
57.684 1 NAVIGATION 0 2 0. 0. 0. 0. 0 0
57.702 1 GPS 0 0 0 0 0 0 0 0 0 0 1
57.749 1 WP_MOVED 4 360417.3125 4813734. 75. 31
57.755 1 DESIRED 0. 0.01 0. 0. 0. 50. 0.
57.757 1 DL_VALUE 8 0.
57.932 1 FBW_STATUS 2 0 1 0 0
57.936 1 NAVIGATION 0 2 0. 0. 0. 0. 0 0
57.952 1 GPS 0 0 0 0 0 0 0 0 0 0 1
58.030 1 DOWNLINK_STATUS 35 17162 764 0 483. 22. 3.82
58.049 1 ATTITUDE -0.079903 -3.112552 0.09961
58.148 1 ESTIMATOR 0. 0.
58.184 1 NAVIGATION 0 2 0. 0. 0. 0. 0 0
58.202 1 GPS 0 0 0 0 0 0 0 0 0 0 1
58.249 1 WP_MOVED 5 360422. 4813583.5 75. 31
58.349 1 GPS_SOL 0 0 0 0
58.351 1 DOWNLINK 0 477 1360
58.434 1 NAVIGATION 0 2 0. 0. 0. 0. 0 0
58.452 1 GPS 0 0 0 0 0 0 0 0 0 0 1
58.456 1 NAVIGATION 0 2 0. 0. 0. 0. 0 0
58.510 1 PONG 
58.549 1 ATTITUDE -0.078783 -3.122041 0.110963
58.552 1 BAT 0 0 0 0 1 62 0 0
58.648 1 ESTIMATOR 0. 0.
58.651 1 IMU_GYRO 0. -0.023193 -0.039307
58.684 1 NAVIGATION 0 2 0. 0. 0. 0. 0 0
58.701 1 GPS 0 0 0 0 0 0 0 0 0 0 1
58.749 1 WP_MOVED 6 360165.8125 4813664.5 75. 31
58.802 1 DESIRED 0. 0.01 0. 0. 0. 50. 0.
58.934 1 NAVIGATION 0 2 0. 0. 0. 0. 0 0
58.952 1 GPS 0 0 0 0 0 0 0 0 0 0 1
59.031 1 DOWNLINK_STATUS 36 17634 785 0 472. 21. 3.79
59.049 1 ATTITUDE -0.076163 -3.119879 0.133005
59.148 1 ESTIMATOR 0. 0.
59.152 1 ENERGY 0. 0. 0 0.
59.184 1 NAVIGATION 0 2 0. 0. 0. 0. 0 0
59.201 1 GPS 0 0 0 0 0 0 0 0 0 0 1
59.249 1 WP_MOVED 7 360559.40625 4813804.5 75. 31
59.251 1 DL_VALUE 9 1.
59.434 1 NAVIGATION 0 2 0. 0. 0. 0. 0 0
59.451 1 GPS 0 0 0 0 0 0 0 0 0 0 1
59.459 1 NAVIGATION 0 2 0. 0. 0. 0. 0 0
59.459 1 CALIBRATION 0. 0
59.549 1 ATTITUDE -0.048646 3.128736 0.242234
59.648 1 ESTIMATOR 0. 0.
59.652 1 BAT 0 0 0 0 1 63 0 0
59.684 1 NAVIGATION 0 2 0. 0. 0. 0. 0 0
59.701 1 GPS 0 0 0 0 0 0 0 0 0 0 1
59.749 1 WP_MOVED 8 360462.40625 4813640. 30. 31
59.752 1 IMU_GYRO 0.887451 -1.171631 -0.203125
59.852 1 DESIRED 0. 0.01 0. 0. 0. 50. 0.
59.931 1 FBW_STATUS 2 0 1 0 0
59.936 1 NAVIGATION 0 2 0. 0. 0. 0. 0 0
59.951 1 GPS 0 0 0 0 0 0 0 0 0 0 1
60.032 1 DOWNLINK_STATUS 37 18128 807 0 494. 22. 3.79
60.049 1 ATTITUDE -0.000696 -3.130641 0.145804
60.148 1 ESTIMATOR 0. 0.
60.168 1 WIND_INFO 1 42 0. 0. 0.
60.184 1 NAVIGATION 0 2 0. 0. 0. 0. 0 0
60.201 1 GPS 0 0 0 0 0 0 0 0 0 0 1
60.249 1 WP_MOVED 9 360313.8125 4813652. 0. 31
60.252 1 NAVIGATION_REF 360285 4813595 31
60.349 1 GPS_SOL 0 0 0 0
60.434 1 NAVIGATION 0 2 0. 0. 0. 0. 0 0
60.451 1 GPS 0 0 0 0 0 0 0 0 0 0 1
60.456 1 NAVIGATION 0 2 0. 0. 0. 0. 0 0
60.549 1 ATTITUDE -0.010791 3.106213 0.216977
60.648 1 ESTIMATOR 0. 0.
60.684 1 NAVIGATION 0 2 0. 0. 0. 0. 0 0
60.701 1 GPS 0 0 0 0 0 0 0 0 0 0 1
60.749 1 WP_MOVED 10 360453.8125 4813581. 75. 31
60.753 1 BAT 0 0 0 0 1 64 0 0
60.755 1 DL_VALUE 10 0.
60.849 1 IMU_GYRO -0.036133 0.640625 -0.045654
60.902 1 DESIRED 0. 0. 0. 0. 0. 50. 0.
60.934 1 NAVIGATION 0 2 0. 0. 0. 0. 0 0
60.951 1 GPS 0 0 0 0 0 0 0 0 0 0 1
61.032 1 COMMANDS 0,121,-3750,0
61.033 1 DOWNLINK_STATUS 38 18624 829 0 496. 22. 3.79
61.049 1 ATTITUDE -0.015176 3.11169 0.19793
61.132 1 ACTUATORS 0,1120,1360,1441,1503,1503
61.148 1 ESTIMATOR 0. 0.
61.183 1 NAVIGATION 0 2 0. 0. 0. 0. 0 0
61.201 1 GPS 0 0 0 0 0 0 0 0 0 0 1
61.249 1 WP_MOVED 11 360170.5 4813757.5 75. 31
61.434 1 NAVIGATION 0 2 0. 0. 0. 0. 0 0
61.451 1 GPS 0 0 0 0 0 0 0 0 0 0 1
61.456 1 NAVIGATION 0 2 0. 0. 0. 0. 0 0
61.549 1 ATTITUDE -0.011132 3.131777 0.191397
61.551 1 CALIBRATION 0. 0
61.648 1 ESTIMATOR 0. 0.
61.652 1 ENERGY 0. 0. 0 0.
61.683 1 NAVIGATION 0 2 0. 0. 0. 0. 0 0
61.701 1 GPS 0 0 0 0 0 0 0 0 0 0 1
61.749 1 WP_MOVED 0 360327. 4813637. 75. 31
61.753 1 ALIVE 68,230,201,177,229,211,64,56,73,125,45,2,113,245,219,42
61.849 1 BAT 0 0 0 0 1 65 0 0
61.851 1 PPRZ_MODE 2 0 0 0 0 6
61.931 1 FBW_STATUS 2 0 1 0 0
61.936 1 NAVIGATION 0 2 0. 0. 0. 0. 0 0
61.951 1 GPS 0 0 0 0 0 0 0 0 0 0 1
61.957 1 DESIRED 0. 0. 0. 0. 0. 50. 0.
61.960 1 IMU_GYRO 0.010498 0.033936 -0.033936
62.034 1 DOWNLINK_STATUS 39 19161 853 0 537. 24. 3.79
62.049 1 ATTITUDE -0.008927 3.136551 0.179817
62.050 1 STATE_FILTER_STATUS 3 0
62.148 1 ESTIMATOR 0. 0.
62.183 1 NAVIGATION 0 2 0. 0. 0. 0. 0 0
62.201 1 GPS 0 0 0 0 0 0 0 0 0 0 1
62.249 1 WP_MOVED 1 360285. 4813595. 75. 31
62.251 1 DL_VALUE 0 0.
62.349 1 GPS_SOL 0 0 0 0
62.434 1 NAVIGATION 0 2 0. 0. 0. 0. 0 0
62.451 1 GPS 0 0 0 0 0 0 0 0 0 0 1
62.456 1 NAVIGATION 0 2 0. 0. 0. 0. 0 0
62.549 1 ATTITUDE -0.00917 3.139489 0.186155
62.648 1 ESTIMATOR 0. 0.
62.683 1 NAVIGATION 0 2 0. 0. 0. 0. 0 0
62.701 1 GPS 0 0 0 0 0 0 0 0 0 0 1
62.749 1 WP_MOVED 2 360334.5 4813695. 75. 31
62.934 1 NAVIGATION 0 2 0. 0. 0. 0. 0 0
62.951 1 GPS 0 0 0 0 0 0 0 0 0 0 1
62.955 1 BAT 0 0 0 0 1 67 0 0
63.001 1 DESIRED 0. 0. 0. 0. 0. 50. 0.
63.035 1 DOWNLINK_STATUS 40 19618 873 0 457. 20. 3.79
63.049 1 ATTITUDE -0.00953 -3.141062 0.190823
63.052 1 IMU_GYRO 0.00415 0.014893 -0.032959
63.148 1 ESTIMATOR 0. 0.
63.183 1 NAVIGATION 0 2 0. 0. 0. 0. 0 0
63.201 1 GPS 0 0 0 0 0 0 0 0 0 0 1
63.249 1 WP_MOVED 3 360295.09375 4813785. 75. 31
63.434 1 NAVIGATION 0 2 0. 0. 0. 0. 0 0
63.451 1 GPS 0 0 0 0 0 0 0 0 0 0 1
63.456 1 NAVIGATION 0 2 0. 0. 0. 0. 0 0
63.458 1 DOWNLINK 0 498 1472
63.511 1 PONG 
63.549 1 ATTITUDE -0.00599 -3.133682 0.174116
63.648 1 ESTIMATOR 0. 0.
63.650 1 CALIBRATION 0. 0
63.683 1 NAVIGATION 0 2 0. 0. 0. 0. 0 0
63.701 1 GPS 0 0 0 0 0 0 0 0 0 0 1
63.749 1 WP_MOVED 4 360417.3125 4813734. 75. 31
63.751 1 DL_VALUE 1 0.
63.931 1 FBW_STATUS 2 0 1 0 0
63.936 1 NAVIGATION 0 2 0. 0. 0. 0. 0 0
63.951 1 GPS 0 0 0 0 0 0 0 0 0 0 1
64.036 1 DOWNLINK_STATUS 41 20055 894 0 437. 21. 3.93
64.049 1 ATTITUDE -0.004983 -3.129252 0.170164
64.054 1 DESIRED 0. 0. 0. 0. 0. 50. 0.
64.058 1 BAT 0 0 0 0 1 68 0 0
64.148 1 ESTIMATOR 0. 0.
64.151 1 IMU_GYRO 0.001953 0.07959 -0.032959
64.154 1 ENERGY 0. 0. 0 0.
64.183 1 NAVIGATION 0 2 0. 0. 0. 0. 0 0
64.201 1 GPS 0 0 0 0 0 0 0 0 0 0 1
64.249 1 WP_MOVED 5 360422. 4813583.5 75. 31
64.348 1 GPS_SOL 0 0 0 0
64.434 1 NAVIGATION 0 2 0. 0. 0. 0. 0 0
64.451 1 GPS 0 0 0 0 0 0 0 0 0 0 1
64.456 1 NAVIGATION 0 2 0. 0. 0. 0. 0 0
64.549 1 ATTITUDE 0.005171 -3.026706 0.050655
64.648 1 ESTIMATOR 0. 0.
64.683 1 NAVIGATION 0 2 0. 0. 0. 0. 0 0
64.701 1 GPS 0 0 0 0 0 0 0 0 0 0 1
64.749 1 WP_MOVED 6 360165.8125 4813664.5 75. 31
64.934 1 NAVIGATION 0 2 0. 0. 0. 0. 0 0
64.951 1 GPS 0 0 0 0 0 0 0 0 0 0 1
65.037 1 DOWNLINK_STATUS 42 20530 914 0 475. 20. 3.93
65.049 1 ATTITUDE 0.004848 -3.013685 0.057405
65.101 1 DESIRED 0. 0. 0. 0. 0. 50. 0.
65.148 1 ESTIMATOR 0. 0.
65.151 1 BAT 0 0 0 0 1 69 0 0
65.183 1 NAVIGATION 0 2 0. 0. 0. 0. 0 0
65.201 1 GPS 0 0 0 0 0 0 0 0 0 0 1
65.249 1 WP_MOVED 7 360559.40625 4813804.5 75. 31
65.252 1 IMU_GYRO 0.014893 -0.083008 -0.024414
65.254 1 DL_VALUE 2 50.
65.434 1 NAVIGATION 0 2 0. 0. 0. 0. 0 0
65.451 1 GPS 0 0 0 0 0 0 0 0 0 0 1
65.456 1 NAVIGATION 0 2 0. 0. 0. 0. 0 0
65.549 1 ATTITUDE 0.008004 -2.977363 0.037361
65.648 1 ESTIMATOR 0. 0.
65.683 1 NAVIGATION 0 2 0. 0. 0. 0. 0 0
65.701 1 GPS 0 0 0 0 0 0 0 0 0 0 1
65.749 1 WP_MOVED 8 360462.40625 4813640. 30. 31
65.751 1 CALIBRATION 0. 0
65.931 1 FBW_STATUS 2 0 1 0 0
65.936 1 NAVIGATION 0 2 0. 0. 0. 0. 0 0
65.951 1 GPS 0 0 0 0 0 0 0 0 0 0 1
66.031 1 COMMANDS 0,-75,-593,0
66.038 1 DOWNLINK_STATUS 43 21019 936 0 489. 22. 3.93
66.048 1 ATTITUDE 0.009987 -2.9684 0.030494
66.132 1 ACTUATORS 0,1120,1489,1439,1497,1497
66.148 1 ESTIMATOR 0. 0.
66.154 1 DESIRED 0. 0. 0. 0. 0. 50. 0.
66.183 1 NAVIGATION 0 2 0. 0. 0. 0. 0 0
66.201 1 GPS 0 0 0 0 0 0 0 0 0 0 1
66.249 1 WP_MOVED 9 360313.8125 4813652. 0. 31
66.252 1 BAT 0 0 0 0 1 70 0 0
66.348 1 IMU_GYRO 0.00415 0.00415 -0.033936
66.351 1 GPS_SOL 0 0 0 0
66.434 1 NAVIGATION 0 2 0. 0. 0. 0. 0 0
66.451 1 GPS 0 0 0 0 0 0 0 0 0 0 1
66.456 1 NAVIGATION 0 2 0. 0. 0. 0. 0 0
66.548 1 ATTITUDE 0.010135 -2.963625 0.028177
66.648 1 ESTIMATOR 0. 0.
66.651 1 ENERGY 0. 0. 0 0.
66.683 1 NAVIGATION 0 2 0. 0. 0. 0. 0 0
66.701 1 GPS 0 0 0 0 0 0 0 0 0 0 1
66.749 1 WP_MOVED 10 360453.8125 4813581. 75. 31
66.751 1 DL_VALUE 3 0.
66.755 1 ALIVE 68,230,201,177,229,211,64,56,73,125,45,2,113,245,219,42
66.847 1 PPRZ_MODE 2 0 0 0 0 6
66.933 1 NAVIGATION 0 2 0. 0. 0. 0. 0 0
66.951 1 GPS 0 0 0 0 0 0 0 0 0 0 1
67.039 1 DOWNLINK_STATUS 44 21559 960 0 540. 24. 3.93
67.048 1 ATTITUDE 0.008566 -2.956957 0.033892
67.050 1 STATE_FILTER_STATUS 3 0
67.148 1 ESTIMATOR 0. 0.
67.183 1 NAVIGATION 0 2 0. 0. 0. 0. 0 0
67.201 1 GPS 0 0 0 0 0 0 0 0 0 0 1
67.207 1 DESIRED 0. 0.01 0. 0. 0. 50. 0.
67.249 1 WP_MOVED 11 360170.5 4813757.5 75. 31
67.349 1 BAT 0 0 0 0 1 71 0 0
67.434 1 NAVIGATION 0 2 0. 0. 0. 0. 0 0
67.451 1 GPS 0 0 0 0 0 0 0 0 0 0 1
67.456 1 NAVIGATION 0 2 0. 0. 0. 0. 0 0
67.459 1 IMU_GYRO 0.010498 0.018066 -0.046631
67.548 1 ATTITUDE 0.031409 -2.935101 0.015536
67.648 1 ESTIMATOR 0. 0.
67.683 1 NAVIGATION 0 2 0. 0. 0. 0. 0 0
67.701 1 GPS 0 0 0 0 0 0 0 0 0 0 1
67.749 1 WP_MOVED 0 360327. 4813637. 75. 31
67.847 1 CALIBRATION 0. 0
67.931 1 FBW_STATUS 2 0 1 0 0
67.935 1 NAVIGATION 0 2 0. 0. 0. 0. 0 0
67.951 1 GPS 0 0 0 0 0 0 0 0 0 0 1
68.040 1 DOWNLINK_STATUS 45 22031 981 0 472. 21. 3.93
68.048 1 ATTITUDE -0.037682 -3.07956 0.254782
68.148 1 ESTIMATOR 0. 0.
68.183 1 NAVIGATION 0 2 0. 0. 0. 0. 0 0
68.201 1 GPS 0 0 0 0 0 0 0 0 0 0 1
68.249 1 WP_MOVED 1 360285. 4813595. 75. 31
68.255 1 DESIRED 0. 0.01 0. 0. 0. 50. 0.
68.257 1 DL_VALUE 4 0.
68.348 1 GPS_SOL 0 0 0 0
68.433 1 NAVIGATION 0 2 0. 0. 0. 0. 0 0
68.451 1 GPS 0 0 0 0 0 0 0 0 0 0 1
68.455 1 NAVIGATION 0 2 0. 0. 0. 0. 0 0
68.459 1 BAT 0 0 0 0 1 72 0 0
68.511 1 PONG 
68.548 1 ATTITUDE -0.041711 -3.042597 0.267834
68.551 1 IMU_GYRO -0.012695 -0.034912 -0.039307
68.553 1 DOWNLINK 0 493 1586
68.648 1 ESTIMATOR 0. 0.
68.683 1 NAVIGATION 0 2 0. 0. 0. 0. 0 0
68.701 1 GPS 0 0 0 0 0 0 0 0 0 0 1
68.749 1 WP_MOVED 2 360334.5 4813695. 75. 31
68.933 1 NAVIGATION 0 2 0. 0. 0. 0. 0 0
68.951 1 GPS 0 0 0 0 0 0 0 0 0 0 1
69.041 1 DOWNLINK_STATUS 46 22514 1003 0 483. 22. 3.84
69.048 1 ATTITUDE -0.040878 -3.040163 0.269476
69.148 1 ESTIMATOR 0. 0.
69.151 1 ENERGY 0. 0. 0 0.
69.183 1 NAVIGATION 0 2 0. 0. 0. 0. 0 0
69.201 1 GPS 0 0 0 0 0 0 0 0 0 0 1
69.249 1 WP_MOVED 3 360295.09375 4813785. 75. 31
69.251 1 NAVIGATION_REF 360285 4813595 31
69.301 1 DESIRED 0. 0. 0. 0. 0. 50. 0.
69.433 1 NAVIGATION 0 2 0. 0. 0. 0. 0 0
69.451 1 GPS 0 0 0 0 0 0 0 0 0 0 1
69.455 1 NAVIGATION 0 2 0. 0. 0. 0. 0 0
69.548 1 ATTITUDE -0.040762 -3.038037 0.267719
69.552 1 BAT 0 0 0 0 1 73 0 0
69.648 1 ESTIMATOR 0. 0.
69.651 1 IMU_GYRO 0.031738 0.098877 -0.025391
69.683 1 NAVIGATION 0 2 0. 0. 0. 0. 0 0
69.701 1 GPS 0 0 0 0 0 0 0 0 0 0 1
69.749 1 WP_MOVED 4 360417.3125 4813734. 75. 31
69.751 1 DL_VALUE 5 0.
69.933 1 NAVIGATION 0 2 0. 0. 0. 0. 0 0
69.935 1 FBW_STATUS 2 0 1 0 0
69.951 1 GPS 0 0 0 0 0 0 0 0 0 0 1
69.953 1 CALIBRATION 0. 0
70.042 1 DOWNLINK_STATUS 47 23023 1026 0 509. 23. 3.84
70.048 1 ATTITUDE -0.052781 -3.037821 0.230803
70.148 1 ESTIMATOR 0. 0.
70.168 1 WIND_INFO 1 42 0. 0. 0.
70.183 1 NAVIGATION 0 2 0. 0. 0. 0. 0 0
70.201 1 GPS 0 0 0 0 0 0 0 0 0 0 1
70.249 1 WP_MOVED 5 360422. 4813583.5 75. 31
70.351 1 DESIRED 0. 0. 0. 0. 0. 50. 0.
70.354 1 GPS_SOL 0 0 0 0
70.433 1 NAVIGATION 0 2 0. 0. 0. 0. 0 0
70.451 1 GPS 0 0 0 0 0 0 0 0 0 0 1
70.455 1 NAVIGATION 0 2 0. 0. 0. 0. 0 0
70.548 1 ATTITUDE -0.027182 -3.082827 0.307363
70.648 1 ESTIMATOR 0. 0.
70.651 1 BAT 0 0 0 0 1 74 0 0
70.683 1 NAVIGATION 0 2 0. 0. 0. 0. 0 0
70.701 1 GPS 0 0 0 0 0 0 0 0 0 0 1
70.749 1 WP_MOVED 6 360165.8125 4813664.5 75. 31
70.752 1 IMU_GYRO -0.116943 -0.389404 -0.074463
70.933 1 NAVIGATION 0 2 0. 0. 0. 0. 0 0
70.951 1 GPS 0 0 0 0 0 0 0 0 0 0 1
71.031 1 COMMANDS 0,229,-5657,0
71.043 1 DOWNLINK_STATUS 48 23493 1046 0 470. 20. 3.84
71.048 1 ATTITUDE -0.032008 -3.081903 0.285715
71.132 1 ACTUATORS 0,1120,1280,1444,1513,1513
71.147 1 ESTIMATOR 0. 0.
71.183 1 NAVIGATION 0 2 0. 0. 0. 0. 0 0
71.201 1 GPS 0 0 0 0 0 0 0 0 0 0 1
71.249 1 WP_MOVED 7 360559.40625 4813804.5 75. 31
71.250 1 DL_VALUE 6 100.
71.401 1 DESIRED 0. 0. 0. 0. 0. 50. 0.
71.433 1 NAVIGATION 0 2 0. 0. 0. 0. 0 0
71.451 1 GPS 0 0 0 0 0 0 0 0 0 0 1
71.455 1 NAVIGATION 0 2 0. 0. 0. 0. 0 0
71.548 1 ATTITUDE -0.03459 -3.085289 0.273669
71.647 1 ESTIMATOR 0. 0.
71.651 1 ENERGY 0. 0. 0 0.
71.683 1 NAVIGATION 0 2 0. 0. 0. 0. 0 0
71.701 1 GPS 0 0 0 0 0 0 0 0 0 0 1
71.748 1 WP_MOVED 8 360462.40625 4813640. 30. 31
71.752 1 BAT 0 0 0 0 1 75 0 0
71.756 1 ALIVE 68,230,201,177,229,211,64,56,73,125,45,2,113,245,219,42
71.848 1 IMU_GYRO 0.019043 0.066895 -0.030762
71.850 1 PPRZ_MODE 2 0 0 0 0 6
71.933 1 NAVIGATION 0 2 0. 0. 0. 0. 0 0
71.936 1 FBW_STATUS 2 0 1 0 0
71.951 1 GPS 0 0 0 0 0 0 0 0 0 0 1
72.044 1 DOWNLINK_STATUS 49 24030 1070 0 537. 24. 3.84
72.048 1 ATTITUDE -0.03416 -3.083299 0.272272
72.050 1 CALIBRATION 0. 0
72.052 1 STATE_FILTER_STATUS 3 0
72.147 1 ESTIMATOR 0. 0.
72.183 1 NAVIGATION 0 2 0. 0. 0. 0. 0 0
72.201 1 GPS 0 0 0 0 0 0 0 0 0 0 1
72.248 1 WP_MOVED 9 360313.8125 4813652. 0. 31
72.348 1 GPS_SOL 0 0 0 0
72.433 1 NAVIGATION 0 2 0. 0. 0. 0. 0 0
72.451 1 GPS 0 0 0 0 0 0 0 0 0 0 1
72.455 1 NAVIGATION 0 2 0. 0. 0. 0. 0 0
72.461 1 DESIRED 0. 0. 0. 0. 0. 50. 0.
72.548 1 ATTITUDE -0.027864 -3.092813 0.292821
72.647 1 ESTIMATOR 0. 0.
72.683 1 NAVIGATION 0 2 0. 0. 0. 0. 0 0
72.701 1 GPS 0 0 0 0 0 0 0 0 0 0 1
72.748 1 WP_MOVED 10 360453.8125 4813581. 75. 31
72.750 1 DL_VALUE 7 2.
72.848 1 BAT 0 0 0 0 1 76 0 0
72.933 1 NAVIGATION 0 2 0. 0. 0. 0. 0 0
72.951 1 GPS 0 0 0 0 0 0 0 0 0 0 1
72.954 1 IMU_GYRO 0.00415 0.003174 -0.034912
73.045 1 DOWNLINK_STATUS 50 24516 1092 0 486. 22. 3.84
73.048 1 ATTITUDE -0.024077 -3.089541 0.305002
73.147 1 ESTIMATOR 0. 0.
73.183 1 NAVIGATION 0 2 0. 0. 0. 0. 0 0
73.201 1 GPS 0 0 0 0 0 0 0 0 0 0 1
73.248 1 WP_MOVED 11 360170.5 4813757.5 75. 31
73.433 1 NAVIGATION 0 2 0. 0. 0. 0. 0 0
73.451 1 GPS 0 0 0 0 0 0 0 0 0 0 1
73.455 1 NAVIGATION 0 2 0. 0. 0. 0. 0 0
73.501 1 DESIRED 0. 0. 0. 0. 0. 50. 0.
73.511 1 PONG 
73.548 1 ATTITUDE -0.029104 -3.088376 0.283366
73.647 1 ESTIMATOR 0. 0.
73.649 1 DOWNLINK 0 477 1694
73.683 1 NAVIGATION 0 2 0. 0. 0. 0. 0 0
73.701 1 GPS 0 0 0 0 0 0 0 0 0 0 1
73.748 1 WP_MOVED 0 360327. 4813637. 75. 31
73.931 1 FBW_STATUS 2 0 1 0 0
73.935 1 NAVIGATION 0 2 0. 0. 0. 0. 0 0
73.951 1 GPS 0 0 0 0 0 0 0 0 0 0 1
73.954 1 BAT 0 0 0 0 1 78 0 0
74.045 1 DOWNLINK_STATUS 51 24967 1112 0 451. 20. 3.98
74.048 1 ATTITUDE -0.027789 -3.085748 0.284716
74.051 1 IMU_GYRO -0.008301 -0.033936 -0.039307
74.147 1 ESTIMATOR 0. 0.
74.149 1 CALIBRATION 0. 0
74.153 1 ENERGY 0. 0. 0 0.
74.183 1 NAVIGATION 0 2 0. 0. 0. 0. 0 0
74.201 1 GPS 0 0 0 0 0 0 0 0 0 0 1
74.248 1 WP_MOVED 1 360285. 4813595. 75. 31
74.250 1 DL_VALUE 8 0.
74.348 1 GPS_SOL 0 0 0 0
74.433 1 NAVIGATION 0 2 0. 0. 0. 0. 0 0
74.451 1 GPS 0 0 0 0 0 0 0 0 0 0 1
74.455 1 NAVIGATION 0 2 0. 0. 0. 0. 0 0
74.548 1 ATTITUDE -0.027776 -3.083348 0.282764
74.554 1 DESIRED 0. 0. 0. 0. 0. 50. 0.
74.647 1 ESTIMATOR 0. 0.
74.683 1 NAVIGATION 0 2 0. 0. 0. 0. 0 0
74.701 1 GPS 0 0 0 0 0 0 0 0 0 0 1
74.748 1 WP_MOVED 2 360334.5 4813695. 75. 31
74.933 1 NAVIGATION 0 2 0. 0. 0. 0. 0 0
74.951 1 GPS 0 0 0 0 0 0 0 0 0 0 1
75.045 1 DOWNLINK_STATUS 52 25444 1133 0 477. 21. 3.98
75.048 1 ATTITUDE -0.027729 -3.080886 0.281037
75.051 1 BAT 0 0 0 0 1 79 0 0
75.147 1 ESTIMATOR 0. 0.
75.150 1 IMU_GYRO 0.00415 0.010498 -0.033936
75.183 1 NAVIGATION 0 2 0. 0. 0. 0. 0 0
75.201 1 GPS 0 0 0 0 0 0 0 0 0 0 1
75.248 1 WP_MOVED 3 360295.09375 4813785. 75. 31
75.433 1 NAVIGATION 0 2 0. 0. 0. 0. 0 0
75.451 1 GPS 0 0 0 0 0 0 0 0 0 0 1
75.455 1 NAVIGATION 0 2 0. 0. 0. 0. 0 0
75.548 1 ATTITUDE -0.029717 -3.079007 0.272233
75.601 1 DESIRED 0. 0. 0. 0. 0. 50. 0.
75.647 1 ESTIMATOR 0. 0.
75.683 1 NAVIGATION 0 2 0. 0. 0. 0. 0 0
75.700 1 GPS 0 0 0 0 0 0 0 0 0 0 1
75.748 1 WP_MOVED 4 360417.3125 4813734. 75. 31
75.750 1 DL_VALUE 9 1.
75.933 1 NAVIGATION 0 2 0. 0. 0. 0. 0 0
75.935 1 FBW_STATUS 2 0 1 0 0
75.950 1 GPS 0 0 0 0 0 0 0 0 0 0 1
76.031 1 COMMANDS 0,205,-5483,0
76.046 1 DOWNLINK_STATUS 53 25922 1154 0 478. 21. 3.98
76.048 1 ATTITUDE -0.027625 -3.076217 0.277656
76.131 1 ACTUATORS 0,1120,1276,1443,1510,1510
76.147 1 ESTIMATOR 0. 0.
76.151 1 BAT 0 0 0 0 1 80 0 0
76.183 1 NAVIGATION 0 2 0. 0. 0. 0. 0 0
76.200 1 GPS 0 0 0 0 0 0 0 0 0 0 1
76.248 1 WP_MOVED 5 360422. 4813583.5 75. 31
76.251 1 IMU_GYRO 0.006348 0.027588 -0.033936
76.253 1 CALIBRATION 0. 0
76.348 1 GPS_SOL 0 0 0 0
76.433 1 NAVIGATION 0 2 0. 0. 0. 0. 0 0
76.450 1 GPS 0 0 0 0 0 0 0 0 0 0 1
76.455 1 NAVIGATION 0 2 0. 0. 0. 0. 0 0
76.548 1 ATTITUDE -0.027703 -3.073826 0.275783
76.647 1 ESTIMATOR 0. 0.
76.653 1 DESIRED 0. 0. 0. 0. 0. 50. 0.
76.657 1 ENERGY 0. 0. 0 0.
76.683 1 NAVIGATION 0 2 0. 0. 0. 0. 0 0
76.700 1 GPS 0 0 0 0 0 0 0 0 0 0 1
76.748 1 WP_MOVED 6 360165.8125 4813664.5 75. 31
76.752 1 ALIVE 68,230,201,177,229,211,64,56,73,125,45,2,113,245,219,42
76.847 1 PPRZ_MODE 2 0 0 0 0 6
76.933 1 NAVIGATION 0 2 0. 0. 0. 0. 0 0
76.950 1 GPS 0 0 0 0 0 0 0 0 0 0 1
77.046 1 DOWNLINK_STATUS 54 26462 1178 0 540. 24. 3.98
77.048 1 ATTITUDE -0.027169 -3.071302 0.275914
77.049 1 STATE_FILTER_STATUS 3 0
77.147 1 ESTIMATOR 0. 0.
77.183 1 NAVIGATION 0 2 0. 0. 0. 0. 0 0
77.200 1 GPS 0 0 0 0 0 0 0 0 0 0 1
77.248 1 WP_MOVED 7 360559.40625 4813804.5 75. 31
77.252 1 BAT 0 0 0 0 1 81 0 0
77.254 1 DL_VALUE 10 0.
77.348 1 IMU_GYRO 0.006348 0.027588 -0.032959
77.433 1 NAVIGATION 0 2 0. 0. 0. 0. 0 0
77.450 1 GPS 0 0 0 0 0 0 0 0 0 0 1
77.455 1 NAVIGATION 0 2 0. 0. 0. 0. 0 0
77.548 1 ATTITUDE -0.025626 -3.068542 0.279858
77.647 1 ESTIMATOR 0. 0.
77.683 1 NAVIGATION 0 2 0. 0. 0. 0. 0 0
77.700 1 GPS 0 0 0 0 0 0 0 0 0 0 1
77.706 1 DESIRED 0. 0. 0. 0. 0. 50. 0.
77.748 1 WP_MOVED 8 360462.40625 4813640. 30. 31
77.930 1 FBW_STATUS 2 0 1 0 0
77.935 1 NAVIGATION 0 2 0. 0. 0. 0. 0 0
77.950 1 GPS 0 0 0 0 0 0 0 0 0 0 1
78.046 1 DOWNLINK_STATUS 55 26934 1199 0 472. 21. 3.98
78.048 1 ATTITUDE -0.025687 -3.066142 0.278396
78.147 1 ESTIMATOR 0. 0.
78.182 1 NAVIGATION 0 2 0. 0. 0. 0. 0 0
78.200 1 GPS 0 0 0 0 0 0 0 0 0 0 1
78.248 1 WP_MOVED 9 360313.8125 4813652. 0. 31
78.251 1 NAVIGATION_REF 360285 4813595 31
78.348 1 BAT 0 0 0 0 1 82 0 0
78.351 1 GPS_SOL 0 0 0 0
78.352 1 CALIBRATION 0. 0
78.433 1 NAVIGATION 0 2 0. 0. 0. 0. 0 0
78.450 1 GPS 0 0 0 0 0 0 0 0 0 0 1
78.455 1 NAVIGATION 0 2 0. 0. 0. 0. 0 0
78.458 1 IMU_GYRO 0.001953 0.009521 -0.034912
78.512 1 PONG 
78.548 1 ATTITUDE -0.027173 -3.064077 0.272176
78.647 1 ESTIMATOR 0. 0.
78.682 1 NAVIGATION 0 2 0. 0. 0. 0. 0 0
78.700 1 GPS 0 0 0 0 0 0 0 0 0 0 1
78.748 1 WP_MOVED 10 360453.8125 4813581. 75. 31
78.754 1 DESIRED 0. 0. 0. 0. 0. 50. 0.
78.756 1 DL_VALUE 0 0.
78.758 1 DOWNLINK 0 507 1810
78.932 1 NAVIGATION 0 2 0. 0. 0. 0. 0 0
78.950 1 GPS 0 0 0 0 0 0 0 0 0 0 1
79.046 1 DOWNLINK_STATUS 56 27443 1223 0 509. 24. 3.83
79.048 1 ATTITUDE -0.019754 -3.059771 0.298032
79.147 1 ESTIMATOR 0. 0.
79.150 1 ENERGY 0. 0. 0 0.
79.182 1 NAVIGATION 0 2 0. 0. 0. 0. 0 0
79.200 1 GPS 0 0 0 0 0 0 0 0 0 0 1
79.248 1 WP_MOVED 11 360170.5 4813757.5 75. 31
79.433 1 NAVIGATION 0 2 0. 0. 0. 0. 0 0
79.450 1 GPS 0 0 0 0 0 0 0 0 0 0 1
79.455 1 NAVIGATION 0 2 0. 0. 0. 0. 0 0
79.458 1 BAT 0 0 0 0 1 83 0 0
79.548 1 ATTITUDE -0.019653 -3.057394 0.297061
79.551 1 IMU_GYRO 0.00415 0.012695 -0.034912
79.647 1 ESTIMATOR 0. 0.
79.682 1 NAVIGATION 0 2 0. 0. 0. 0. 0 0
79.700 1 GPS 0 0 0 0 0 0 0 0 0 0 1
79.748 1 WP_MOVED 0 360327. 4813637. 75. 31
79.800 1 DESIRED 0. 0. 0. 0. 0. 50. 0.
79.932 1 NAVIGATION 0 2 0. 0. 0. 0. 0 0
79.935 1 FBW_STATUS 2 0 1 0 0
79.950 1 GPS 0 0 0 0 0 0 0 0 0 0 1
80.047 1 DOWNLINK_STATUS 57 27915 1243 0 472. 20. 3.83
80.048 1 ATTITUDE -0.019375 -3.055912 0.383772
80.147 1 ESTIMATOR 0. 0.
80.168 1 WIND_INFO 1 42 0. 0. 0.
80.182 1 NAVIGATION 0 2 0. 0. 0. 0. 0 0
80.200 1 GPS 0 0 0 0 0 0 0 0 0 0 1
80.248 1 WP_MOVED 1 360285. 4813595. 75. 31
80.250 1 DL_VALUE 1 0.
80.347 1 GPS_SOL 0 0 0 0
80.433 1 NAVIGATION 0 2 0. 0. 0. 0. 0 0
80.450 1 GPS 0 0 0 0 0 0 0 0 0 0 1
80.455 1 NAVIGATION 0 2 0. 0. 0. 0. 0 0
80.457 1 CALIBRATION 0. 0
80.548 1 ATTITUDE -0.018864 -3.053267 0.360942
80.551 1 BAT 0 0 0 0 1 84 0 0
80.647 1 ESTIMATOR 0. 0.
80.650 1 IMU_GYRO 0.00415 -0.048828 -0.036133
80.682 1 NAVIGATION 0 2 0. 0. 0. 0. 0 0
80.700 1 GPS 0 0 0 0 0 0 0 0 0 0 1
80.748 1 WP_MOVED 2 360334.5 4813695. 75. 31
80.850 1 DESIRED 0. 0. 0. 0. 0. 50. 0.
80.933 1 NAVIGATION 0 2 0. 0. 0. 0. 0 0
80.950 1 GPS 0 0 0 0 0 0 0 0 0 0 1
81.031 1 COMMANDS 0,138,-7353,0
81.047 1 DOWNLINK_STATUS 58 28407 1265 0 492. 22. 3.83
81.048 1 ATTITUDE -0.018759 -3.050961 0.369097
81.131 1 ACTUATORS 0,1120,1194,1442,1507,1507
81.147 1 ESTIMATOR 0. 0.
81.182 1 NAVIGATION 0 2 0. 0. 0. 0. 0 0
81.200 1 GPS 0 0 0 0 0 0 0 0 0 0 1
81.248 1 WP_MOVED 3 360295.09375 4813785. 75. 31
81.433 1 NAVIGATION 0 2 0. 0. 0. 0. 0 0
81.450 1 GPS 0 0 0 0 0 0 0 0 0 0 1
81.455 1 NAVIGATION 0 2 0. 0. 0. 0. 0 0
81.548 1 ATTITUDE -0.018424 -3.048589 0.359372
81.647 1 ESTIMATOR 0. 0.
81.650 1 BAT 0 0 0 0 1 85 0 0
81.654 1 ENERGY 0. 0. 0 0.
81.682 1 NAVIGATION 0 2 0. 0. 0. 0. 0 0
81.700 1 GPS 0 0 0 0 0 0 0 0 0 0 1
81.748 1 WP_MOVED 4 360417.3125 4813734. 75. 31
81.751 1 IMU_GYRO 0.006348 -0.341553 -0.036133
81.753 1 DL_VALUE 2 50.
81.757 1 ALIVE 68,230,201,177,229,211,64,56,73,125,45,2,113,245,219,42
81.847 1 PPRZ_MODE 2 0 0 0 0 6
81.900 1 DESIRED 0. 0. 0. 0. 0. 50. 0.
81.930 1 FBW_STATUS 2 0 1 0 0
81.935 1 NAVIGATION 0 2 0. 0. 0. 0. 0 0
81.950 1 GPS 0 0 0 0 0 0 0 0 0 0 1
82.047 1 DOWNLINK_STATUS 59 28944 1289 0 537. 24. 3.83
82.048 1 ATTITUDE -0.017817 -3.045866 0.326913
82.049 1 STATE_FILTER_STATUS 3 0
82.147 1 ESTIMATOR 0. 0.
82.182 1 NAVIGATION 0 2 0. 0. 0. 0. 0 0
82.200 1 GPS 0 0 0 0 0 0 0 0 0 0 1
82.248 1 WP_MOVED 5 360422. 4813583.5 75. 31
82.347 1 GPS_SOL 0 0 0 0
82.433 1 NAVIGATION 0 2 0. 0. 0. 0. 0 0
82.450 1 GPS 0 0 0 0 0 0 0 0 0 0 1
82.455 1 NAVIGATION 0 2 0. 0. 0. 0. 0 0
82.548 1 ATTITUDE -0.018034 -3.043904 0.346528
82.549 1 CALIBRATION 0. 0
82.647 1 ESTIMATOR 0. 0.
82.682 1 NAVIGATION 0 2 0. 0. 0. 0. 0 0
82.700 1 GPS 0 0 0 0 0 0 0 0 0 0 1
82.748 1 WP_MOVED 6 360165.8125 4813664.5 75. 31
82.751 1 BAT 0 0 0 0 1 86 0 0
82.847 1 IMU_GYRO 0.00415 -0.790527 -0.041504
82.933 1 NAVIGATION 0 2 0. 0. 0. 0. 0 0
82.950 1 GPS 0 0 0 0 0 0 0 0 0 0 1
82.956 1 DESIRED 0. 0. 0. 0. 0. 50. 0.
83.047 1 ATTITUDE -0.018105 -3.041618 0.352443
83.047 1 DOWNLINK_STATUS 60 29437 1311 0 493. 22. 3.83
83.147 1 ESTIMATOR 0. 0.
83.182 1 NAVIGATION 0 2 0. 0. 0. 0. 0 0
83.200 1 GPS 0 0 0 0 0 0 0 0 0 0 1
83.248 1 WP_MOVED 7 360559.40625 4813804.5 75. 31
83.250 1 DL_VALUE 3 0.
83.433 1 NAVIGATION 0 2 0. 0. 0. 0. 0 0
83.450 1 GPS 0 0 0 0 0 0 0 0 0 0 1
83.455 1 NAVIGATION 0 2 0. 0. 0. 0. 0 0
83.513 1 PONG 
83.547 1 ATTITUDE -0.015358 -2.975276 0.45763
83.647 1 ESTIMATOR 0. 0.
83.682 1 NAVIGATION 0 2 0. 0. 0. 0. 0 0
83.700 1 GPS 0 0 0 0 0 0 0 0 0 0 1
83.748 1 WP_MOVED 8 360462.40625 4813640. 30. 31
83.848 1 BAT 0 0 0 0 1 87 0 0
83.850 1 DOWNLINK 0 468 1916
83.932 1 NAVIGATION 0 2 0. 0. 0. 0. 0 0
83.935 1 FBW_STATUS 2 0 1 0 0
83.950 1 GPS 0 0 0 0 0 0 0 0 0 0 1
83.953 1 IMU_GYRO -0.008301 0.019043 -0.124512
84.000 1 DESIRED 0. 0.01 0. 0. 0. 50. 0.
84.047 1 ATTITUDE -0.076269 -2.949249 0.020898
84.047 1 DOWNLINK_STATUS 61 29917 1333 0 480. 22. 3.8
84.147 1 ESTIMATOR 0. 0.
84.150 1 ENERGY 0. 0. 0 0.
84.182 1 NAVIGATION 0 2 0. 0. 0. 0. 0 0
84.200 1 GPS 0 0 0 0 0 0 0 0 0 0 1
84.248 1 WP_MOVED 9 360313.8125 4813652. 0. 31
84.347 1 GPS_SOL 0 0 0 0
84.433 1 NAVIGATION 0 2 0. 0. 0. 0. 0 0
84.450 1 GPS 0 0 0 0 0 0 0 0 0 0 1
84.455 1 NAVIGATION 0 2 0. 0. 0. 0. 0 0
84.547 1 ATTITUDE -0.077231 -3.030714 0.02497
84.647 1 ESTIMATOR 0. 0.
84.649 1 CALIBRATION 0. 0
84.682 1 NAVIGATION 0 2 0. 0. 0. 0. 0 0
84.700 1 GPS 0 0 0 0 0 0 0 0 0 0 1
84.748 1 WP_MOVED 10 360453.8125 4813581. 75. 31
84.750 1 DL_VALUE 4 0.
84.933 1 NAVIGATION 0 2 0. 0. 0. 0. 0 0
84.950 1 GPS 0 0 0 0 0 0 0 0 0 0 1
84.953 1 BAT 0 0 0 0 1 89 0 0
85.047 1 ATTITUDE -0.055135 3.014547 0.1765
85.047 1 DOWNLINK_STATUS 62 30362 1353 0 445. 20. 3.8
85.053 1 DESIRED 0. 0.01 0. 0. 0. 50. 0.
85.056 1 IMU_GYRO -0.063721 -1.426025 -1.126953
85.147 1 ESTIMATOR 0. 0.
85.182 1 NAVIGATION 0 2 0. 0. 0. 0. 0 0
85.200 1 GPS 0 0 0 0 0 0 0 0 0 0 1
85.248 1 WP_MOVED 11 360170.5 4813757.5 75. 31
85.433 1 NAVIGATION 0 2 0. 0. 0. 0. 0 0
85.450 1 GPS 0 0 0 0 0 0 0 0 0 0 1
85.454 1 NAVIGATION 0 2 0. 0. 0. 0. 0 0
85.547 1 ATTITUDE -0.189724 2.887288 0.022684
85.647 1 ESTIMATOR 0. 0.
85.682 1 NAVIGATION 0 2 0. 0. 0. 0. 0 0
85.700 1 GPS 0 0 0 0 0 0 0 0 0 0 1
85.748 1 WP_MOVED 0 360327. 4813637. 75. 31
85.932 1 NAVIGATION 0 2 0. 0. 0. 0. 0 0
85.935 1 FBW_STATUS 2 0 1 0 0
85.950 1 GPS 0 0 0 0 0 0 0 0 0 0 1
86.030 1 COMMANDS 0,459,-243,0
86.047 1 ATTITUDE -0.058378 2.775522 0.023398
86.048 1 DOWNLINK_STATUS 63 30809 1372 0 447. 19. 3.8
86.051 1 BAT 0 0 0 0 1 90 0 0
86.100 1 DESIRED 0. 0.01 0. 0. 0. 50. 0.
86.131 1 ACTUATORS 0,1120,1459,1447,1520,1520
86.147 1 ESTIMATOR 0. 0.
86.150 1 IMU_GYRO 0.221191 1.498291 -0.256348
86.182 1 NAVIGATION 0 2 0. 0. 0. 0. 0 0
86.200 1 GPS 0 0 0 0 0 0 0 0 0 0 1
86.248 1 WP_MOVED 1 360285. 4813595. 75. 31
86.250 1 DL_VALUE 5 0.
86.347 1 GPS_SOL 0 0 0 0
86.432 1 NAVIGATION 0 2 0. 0. 0. 0. 0 0
86.450 1 GPS 0 0 0 0 0 0 0 0 0 0 1
86.454 1 NAVIGATION 0 2 0. 0. 0. 0. 0 0
86.547 1 ATTITUDE -0.030885 2.634069 0.107731
86.647 1 ESTIMATOR 0. 0.
86.650 1 ENERGY 0. 0. 0 0.
86.682 1 NAVIGATION 0 2 0. 0. 0. 0. 0 0
86.700 1 GPS 0 0 0 0 0 0 0 0 0 0 1
86.748 1 WP_MOVED 2 360334.5 4813695. 75. 31
86.750 1 CALIBRATION 0. 0
86.754 1 ALIVE 68,230,201,177,229,211,64,56,73,125,45,2,113,245,219,42
86.846 1 PPRZ_MODE 2 0 0 0 0 6
86.932 1 NAVIGATION 0 2 0. 0. 0. 0. 0 0
86.950 1 GPS 0 0 0 0 0 0 0 0 0 0 1
87.047 1 ATTITUDE -0.052477 2.68688 -0.015049
87.048 1 DOWNLINK_STATUS 64 31360 1397 0 551. 25. 3.8
87.049 1 STATE_FILTER_STATUS 3 0
87.147 1 ESTIMATOR 0. 0.
87.152 1 DESIRED 0. 0.01 0. 0. 0. 50. 0.
87.156 1 BAT 0 0 0 0 1 91 0 0
87.182 1 NAVIGATION 0 2 0. 0. 0. 0. 0 0
87.200 1 GPS 0 0 0 0 0 0 0 0 0 0 1
87.248 1 WP_MOVED 3 360295.09375 4813785. 75. 31
87.251 1 IMU_GYRO -0.167969 0.275391 -0.055176
87.253 1 NAVIGATION_REF 360285 4813595 31
87.432 1 NAVIGATION 0 2 0. 0. 0. 0. 0 0
87.450 1 GPS 0 0 0 0 0 0 0 0 0 0 1
87.454 1 NAVIGATION 0 2 0. 0. 0. 0. 0 0
87.547 1 ATTITUDE -0.086758 2.694685 0.012111
87.646 1 ESTIMATOR 0. 0.
87.682 1 NAVIGATION 0 2 0. 0. 0. 0. 0 0
87.700 1 GPS 0 0 0 0 0 0 0 0 0 0 1
87.748 1 WP_MOVED 4 360417.3125 4813734. 75. 31
87.749 1 DL_VALUE 6 100.
87.930 1 FBW_STATUS 2 0 1 0 0
87.934 1 NAVIGATION 0 2 0. 0. 0. 0. 0 0
87.950 1 GPS 0 0 0 0 0 0 0 0 0 0 1
88.047 1 ATTITUDE -0.065236 2.695377 0.009562
88.048 1 DOWNLINK_STATUS 65 31847 1419 0 487. 22. 3.8
88.146 1 ESTIMATOR 0. 0.
88.182 1 NAVIGATION 0 2 0. 0. 0. 0. 0 0
88.200 1 GPS 0 0 0 0 0 0 0 0 0 0 1
88.206 1 DESIRED 0. 0.01 0. 0. 0. 50. 0.
88.248 1 WP_MOVED 5 360422. 4813583.5 75. 31
88.251 1 BAT 0 0 0 0 1 92 0 0
88.347 1 IMU_GYRO -0.001953 0.037109 -0.040283
88.350 1 GPS_SOL 0 0 0 0
88.432 1 NAVIGATION 0 2 0. 0. 0. 0. 0 0
88.450 1 GPS 0 0 0 0 0 0 0 0 0 0 1
88.454 1 NAVIGATION 0 2 0. 0. 0. 0. 0 0
88.514 1 PONG 
88.547 1 ATTITUDE -0.06396 2.697521 0.003894
88.646 1 ESTIMATOR 0. 0.
88.682 1 NAVIGATION 0 2 0. 0. 0. 0. 0 0
88.700 1 GPS 0 0 0 0 0 0 0 0 0 0 1
88.747 1 WP_MOVED 6 360165.8125 4813664.5 75. 31
88.846 1 CALIBRATION 0. 0
88.932 1 NAVIGATION 0 2 0. 0. 0. 0. 0 0
88.950 1 GPS 0 0 0 0 0 0 0 0 0 0 1
88.952 1 DOWNLINK 0 497 2029
89.047 1 ATTITUDE -0.064571 2.697835 0.002237
89.049 1 DOWNLINK_STATUS 66 32330 1441 0 483. 22. 3.8
89.146 1 ESTIMATOR 0. 0.
89.150 1 ENERGY 0. 0. 0 0.
89.182 1 NAVIGATION 0 2 0. 0. 0. 0. 0 0
89.200 1 GPS 0 0 0 0 0 0 0 0 0 0 1
89.247 1 WP_MOVED 7 360559.40625 4813804.5 75. 31
89.253 1 DESIRED 0. 0.01 0. 0. 0. 50. 0.
89.255 1 DL_VALUE 7 2.
89.347 1 BAT 0 0 0 0 1 93 0 0
89.432 1 NAVIGATION 0 2 0. 0. 0. 0. 0 0
89.450 1 GPS 0 0 0 0 0 0 0 0 0 0 1
89.454 1 NAVIGATION 0 2 0. 0. 0. 0. 0 0
89.457 1 IMU_GYRO 0.006348 0.008301 -0.036133
89.547 1 ATTITUDE -0.066275 2.698904 0.004721
89.646 1 ESTIMATOR 0. 0.
89.682 1 NAVIGATION 0 2 0. 0. 0. 0. 0 0
89.700 1 GPS 0 0 0 0 0 0 0 0 0 0 1
89.747 1 WP_MOVED 8 360462.40625 4813640. 30. 31
89.930 1 FBW_STATUS 2 0 1 0 0
89.934 1 NAVIGATION 0 2 0. 0. 0. 0. 0 0
89.950 1 GPS 0 0 0 0 0 0 0 0 0 0 1
90.047 1 ATTITUDE -0.067192 2.701001 0.006683
90.049 1 DOWNLINK_STATUS 67 32813 1462 0 483. 21. 3.8
90.146 1 ESTIMATOR 0. 0.
90.168 1 WIND_INFO 1 42 0. 0. 0.
90.182 1 NAVIGATION 0 2 0. 0. 0. 0. 0 0
90.200 1 GPS 0 0 0 0 0 0 0 0 0 0 1
90.247 1 WP_MOVED 9 360313.8125 4813652. 0. 31
90.300 1 DESIRED 0. 0.01 0. 0. 0. 50. 0.
90.347 1 GPS_SOL 0 0 0 0
90.432 1 NAVIGATION 0 2 0. 0. 0. 0. 0 0
90.450 1 GPS 0 0 0 0 0 0 0 0 0 0 1
90.454 1 NAVIGATION 0 2 0. 0. 0. 0. 0 0
90.458 1 BAT 0 0 0 0 1 94 0 0
90.547 1 ATTITUDE 0.00561 2.683241 -0.004951
90.550 1 IMU_GYRO -0.229736 0.028564 -0.00415
90.646 1 ESTIMATOR 0. 0.
90.682 1 NAVIGATION 0 2 0. 0. 0. 0. 0 0
90.700 1 GPS 0 0 0 0 0 0 0 0 0 0 1
90.747 1 WP_MOVED 10 360453.8125 4813581. 75. 31
90.749 1 DL_VALUE 8 0.
90.932 1 NAVIGATION 0 2 0. 0. 0. 0. 0 0
90.950 1 GPS 0 0 0 0 0 0 0 0 0 0 1
90.952 1 CALIBRATION 0. 0
91.030 1 COMMANDS 0,458,272,0
91.047 1 ATTITUDE -0.062216 2.711112 -0.004411
91.050 1 DOWNLINK_STATUS 68 33305 1484 0 492. 22. 3.8
91.130 1 ACTUATORS 0,1120,1520,1449,1525,1525
91.146 1 ESTIMATOR 0. 0.
91.182 1 NAVIGATION 0 2 0. 0. 0. 0. 0 0
91.200 1 GPS 0 0 0 0 0 0 0 0 0 0 1
91.247 1 WP_MOVED 11 360170.5 4813757.5 75. 31
91.350 1 DESIRED 0. 0.01 0. 0. 0. 50. 0.
91.432 1 NAVIGATION 0 2 0. 0. 0. 0. 0 0
91.450 1 GPS 0 0 0 0 0 0 0 0 0 0 1
91.454 1 NAVIGATION 0 2 0. 0. 0. 0. 0 0
91.547 1 ATTITUDE -0.020631 2.705374 -0.005316
91.550 1 BAT 0 0 0 0 1 95 0 0
91.646 1 ESTIMATOR 0. 0.
91.649 1 IMU_GYRO 0.006348 0.029785 -0.025391
91.653 1 ENERGY 0. 0. 0 0.
91.682 1 NAVIGATION 0 2 0. 0. 0. 0. 0 0
91.700 1 GPS 0 0 0 0 0 0 0 0 0 0 1
91.747 1 WP_MOVED 0 360327. 4813637. 75. 31
91.751 1 ALIVE 68,230,201,177,229,211,64,56,73,125,45,2,113,245,219,42
91.846 1 PPRZ_MODE 2 0 0 0 0 6
91.930 1 FBW_STATUS 2 0 1 0 0
91.934 1 NAVIGATION 0 2 0. 0. 0. 0. 0 0
91.950 1 GPS 0 0 0 0 0 0 0 0 0 0 1
92.047 1 ATTITUDE -0.062093 2.712837 -0.002024
92.049 1 STATE_FILTER_STATUS 3 0
92.051 1 DOWNLINK_STATUS 69 33840 1508 0 535. 24. 3.8
92.146 1 ESTIMATOR 0. 0.
92.182 1 NAVIGATION 0 2 0. 0. 0. 0. 0 0
92.200 1 GPS 0 0 0 0 0 0 0 0 0 0 1
92.247 1 WP_MOVED 1 360285. 4813595. 75. 31
92.249 1 DL_VALUE 9 1.
92.347 1 GPS_SOL 0 0 0 0
92.400 1 DESIRED 0. 0.01 0. 0. 0. 50. 0.
92.432 1 NAVIGATION 0 2 0. 0. 0. 0. 0 0
92.450 1 GPS 0 0 0 0 0 0 0 0 0 0 1
92.454 1 NAVIGATION 0 2 0. 0. 0. 0. 0 0
92.547 1 ATTITUDE -0.069522 2.715799 0.013583
92.646 1 ESTIMATOR 0. 0.
92.650 1 BAT 0 0 0 0 1 96 0 0
92.682 1 NAVIGATION 0 2 0. 0. 0. 0. 0 0
92.700 1 GPS 0 0 0 0 0 0 0 0 0 0 1
92.747 1 WP_MOVED 2 360334.5 4813695. 75. 31
92.750 1 IMU_GYRO 0.00415 0.012695 -0.038086
92.932 1 NAVIGATION 0 2 0. 0. 0. 0. 0 0
92.949 1 GPS 0 0 0 0 0 0 0 0 0 0 1
93.047 1 ATTITUDE -0.071308 2.716502 0.015251
93.049 1 CALIBRATION 0. 0
93.052 1 DOWNLINK_STATUS 70 34317 1529 0 477. 21. 3.8
93.146 1 ESTIMATOR 0. 0.
93.182 1 NAVIGATION 0 2 0. 0. 0. 0. 0 0
93.199 1 GPS 0 0 0 0 0 0 0 0 0 0 1
93.247 1 WP_MOVED 3 360295.09375 4813785. 75. 31
93.432 1 NAVIGATION 0 2 0. 0. 0. 0. 0 0
93.449 1 GPS 0 0 0 0 0 0 0 0 0 0 1
93.454 1 NAVIGATION 0 2 0. 0. 0. 0. 0 0
93.460 1 DESIRED 0. 0.01 0. 0. 0. 50. 0.
93.516 1 PONG 
93.547 1 ATTITUDE -0.071581 2.717267 0.014585
93.646 1 ESTIMATOR 0. 0.
93.682 1 NAVIGATION 0 2 0. 0. 0. 0. 0 0
93.699 1 GPS 0 0 0 0 0 0 0 0 0 0 1
93.747 1 WP_MOVED 4 360417.3125 4813734. 75. 31
93.751 1 BAT 0 0 0 0 1 97 0 0
93.753 1 DL_VALUE 10 0.
93.847 1 IMU_GYRO 0.001953 0.013672 -0.038086
93.929 1 FBW_STATUS 2 0 1 0 0
93.934 1 NAVIGATION 0 2 0. 0. 0. 0. 0 0
93.949 1 GPS 0 0 0 0 0 0 0 0 0 0 1
94.047 1 ATTITUDE -0.072601 2.717813 0.015146
94.049 1 DOWNLINK 0 487 2140
94.053 1 DOWNLINK_STATUS 71 34797 1551 0 480. 22. 4.34
94.146 1 ESTIMATOR 0. 0.
94.150 1 ENERGY 0. 0. 0 0.
94.182 1 NAVIGATION 0 2 0. 0. 0. 0. 0 0
94.199 1 GPS 0 0 0 0 0 0 0 0 0 0 1
94.247 1 WP_MOVED 5 360422. 4813583.5 75. 31
94.347 1 GPS_SOL 0 0 0 0
94.432 1 NAVIGATION 0 2 0. 0. 0. 0. 0 0
94.449 1 GPS 0 0 0 0 0 0 0 0 0 0 1
94.454 1 NAVIGATION 0 2 0. 0. 0. 0. 0 0
94.500 1 DESIRED 0. 0.01 0. 0. 0. 50. 0.
94.547 1 ATTITUDE -0.072921 2.719064 0.015475
94.646 1 ESTIMATOR 0. 0.
94.682 1 NAVIGATION 0 2 0. 0. 0. 0. 0 0
94.699 1 GPS 0 0 0 0 0 0 0 0 0 0 1
94.747 1 WP_MOVED 6 360165.8125 4813664.5 75. 31
94.847 1 BAT 0 0 0 0 1 98 0 0
94.931 1 NAVIGATION 0 2 0. 0. 0. 0. 0 0
94.949 1 GPS 0 0 0 0 0 0 0 0 0 0 1
94.953 1 IMU_GYRO 0.006348 0.012695 -0.037109
95.047 1 ATTITUDE -0.072555 2.721199 0.013102
95.053 1 DOWNLINK_STATUS 72 35272 1571 0 475. 20. 4.34
95.146 1 ESTIMATOR 0. 0.
95.148 1 CALIBRATION 0. 0
95.181 1 NAVIGATION 0 2 0. 0. 0. 0. 0 0
95.199 1 GPS 0 0 0 0 0 0 0 0 0 0 1
95.247 1 WP_MOVED 7 360559.40625 4813804.5 75. 31
95.249 1 DL_VALUE 0 0.
95.432 1 NAVIGATION 0 2 0. 0. 0. 0. 0 0
95.449 1 GPS 0 0 0 0 0 0 0 0 0 0 1
95.454 1 NAVIGATION 0 2 0. 0. 0. 0. 0 0
95.547 1 ATTITUDE -0.073038 2.721989 0.012176
95.553 1 DESIRED 0. 0.01 0. 0. 0. 50. 0.
95.646 1 ESTIMATOR 0. 0.
95.681 1 NAVIGATION 0 2 0. 0. 0. 0. 0 0
95.699 1 GPS 0 0 0 0 0 0 0 0 0 0 1
95.747 1 WP_MOVED 8 360462.40625 4813640. 30. 31
95.929 1 FBW_STATUS 2 0 1 0 0
95.934 1 NAVIGATION 0 2 0. 0. 0. 0. 0 0
95.949 1 GPS 0 0 0 0 0 0 0 0 0 0 1
95.953 1 BAT 0 0 0 0 1 100 0 0
96.030 1 COMMANDS 0,551,-106,0
96.047 1 ATTITUDE -0.074544 2.722512 0.014693
96.050 1 IMU_GYRO 0.010498 0.018066 -0.037109
96.054 1 DOWNLINK_STATUS 73 35761 1593 0 489. 22. 4.34
96.130 1 ACTUATORS 0,1120,1511,1450,1528,1528
96.146 1 ESTIMATOR 0. 0.
96.181 1 NAVIGATION 0 2 0. 0. 0. 0. 0 0
96.199 1 GPS 0 0 0 0 0 0 0 0 0 0 1
96.247 1 WP_MOVED 9 360313.8125 4813652. 0. 31
96.250 1 NAVIGATION_REF 360285 4813595 31
96.347 1 GPS_SOL 0 0 0 0
96.432 1 NAVIGATION 0 2 0. 0. 0. 0. 0 0
96.449 1 GPS 0 0 0 0 0 0 0 0 0 0 1
96.454 1 NAVIGATION 0 2 0. 0. 0. 0. 0 0
96.547 1 ATTITUDE -0.072644 2.719883 0.012142
96.599 1 DESIRED 0. 0.01 0. 0. 0. 50. 0.
96.646 1 ESTIMATOR 0. 0.
96.649 1 ENERGY 0. 0. 0 0.
96.681 1 NAVIGATION 0 2 0. 0. 0. 0. 0 0
96.699 1 GPS 0 0 0 0 0 0 0 0 0 0 1
96.747 1 WP_MOVED 10 360453.8125 4813581. 75. 31
96.749 1 DL_VALUE 1 0.
96.753 1 ALIVE 68,230,201,177,229,211,64,56,73,125,45,2,113,245,219,42
96.846 1 PPRZ_MODE 2 0 0 0 0 6
96.932 1 NAVIGATION 0 2 0. 0. 0. 0. 0 0
96.949 1 GPS 0 0 0 0 0 0 0 0 0 0 1
97.047 1 ATTITUDE -0.076278 2.769467 0.016021
97.050 1 BAT 0 0 0 0 1 101 0 0
97.052 1 STATE_FILTER_STATUS 3 0
97.055 1 DOWNLINK_STATUS 74 36307 1618 0 546. 25. 4.34
97.146 1 ESTIMATOR 0. 0.
97.149 1 IMU_GYRO -0.061523 0.038086 -0.010498
97.181 1 NAVIGATION 0 2 0. 0. 0. 0. 0 0
97.199 1 GPS 0 0 0 0 0 0 0 0 0 0 1
97.247 1 WP_MOVED 11 360170.5 4813757.5 75. 31
97.249 1 CALIBRATION 0. 0
97.432 1 NAVIGATION 0 2 0. 0. 0. 0. 0 0
97.449 1 GPS 0 0 0 0 0 0 0 0 0 0 1
97.454 1 NAVIGATION 0 2 0. 0. 0. 0. 0 0
97.547 1 ATTITUDE -0.189393 2.768028 0.01612
97.646 1 ESTIMATOR 0. 0.
97.652 1 DESIRED 0. 0.03 0. 0. 0. 50. 0.
97.681 1 NAVIGATION 0 2 0. 0. 0. 0. 0 0
97.699 1 GPS 0 0 0 0 0 0 0 0 0 0 1
97.747 1 WP_MOVED 0 360327. 4813637. 75. 31
97.929 1 FBW_STATUS 2 0 1 0 0
97.934 1 NAVIGATION 0 2 0. 0. 0. 0. 0 0
97.949 1 GPS 0 0 0 0 0 0 0 0 0 0 1
98.047 1 ATTITUDE -0.076695 2.773381 0.017834
98.056 1 DOWNLINK_STATUS 75 36750 1637 0 443. 19. 4.34
98.146 1 ESTIMATOR 0. 0.
98.149 1 BAT 0 0 0 0 1 102 0 0
98.181 1 NAVIGATION 0 2 0. 0. 0. 0. 0 0
98.199 1 GPS 0 0 0 0 0 0 0 0 0 0 1
98.247 1 WP_MOVED 1 360285. 4813595. 75. 31
98.250 1 IMU_GYRO 0.05957 -0.076416 -0.023193
98.252 1 DL_VALUE 2 50.
98.346 1 GPS_SOL 0 0 0 0
98.432 1 NAVIGATION 0 2 0. 0. 0. 0. 0 0
98.449 1 GPS 0 0 0 0 0 0 0 0 0 0 1
98.454 1 NAVIGATION 0 2 0. 0. 0. 0. 0 0
98.516 1 PONG 
98.547 1 ATTITUDE -0.072214 2.7782 0.014716
98.646 1 ESTIMATOR 0. 0.
98.681 1 NAVIGATION 0 2 0. 0. 0. 0. 0 0
98.699 1 GPS 0 0 0 0 0 0 0 0 0 0 1
98.705 1 DESIRED 0. 0.01 0. 0. 0. 50. 0.
98.747 1 WP_MOVED 2 360334.5 4813695. 75. 31
98.932 1 NAVIGATION 0 2 0. 0. 0. 0. 0 0
98.949 1 GPS 0 0 0 0 0 0 0 0 0 0 1
99.047 1 ATTITUDE -0.070978 2.781719 0.000191
99.057 1 DOWNLINK_STATUS 76 37222 1658 0 472. 21. 3.79
99.146 1 ESTIMATOR 0. 0.
99.149 1 ENERGY 0. 0. 0 0.
99.151 1 DOWNLINK 0 484 2250
99.181 1 NAVIGATION 0 2 0. 0. 0. 0. 0 0
99.199 1 GPS 0 0 0 0 0 0 0 0 0 0 1
99.247 1 WP_MOVED 3 360295.09375 4813785. 75. 31
99.250 1 BAT 0 0 0 0 1 103 0 0
99.347 1 IMU_GYRO 0.010498 -0.003174 -0.039307
99.348 1 CALIBRATION 0. 0
99.432 1 NAVIGATION 0 2 0. 0. 0. 0. 0 0
99.449 1 GPS 0 0 0 0 0 0 0 0 0 0 1
99.454 1 NAVIGATION 0 2 0. 0. 0. 0. 0 0
99.546 1 ATTITUDE -0.072602 2.782552 0.005272
99.646 1 ESTIMATOR 0. 0.
99.681 1 NAVIGATION 0 2 0. 0. 0. 0. 0 0
99.699 1 GPS 0 0 0 0 0 0 0 0 0 0 1
99.747 1 WP_MOVED 4 360417.3125 4813734. 75. 31
99.753 1 DESIRED 0. 0.01 0. 0. 0. 50. 0.
99.755 1 DL_VALUE 3 0.
99.933 1 NAVIGATION 0 2 0. 0. 0. 0. 0 0
99.934 1 FBW_STATUS 2 0 1 0 0
99.949 1 GPS 0 0 0 0 0 0 0 0 0 0 1
100.046 1 ATTITUDE -0.073189 2.78356 0.006594
100.057 1 DOWNLINK_STATUS 77 37727 1681 0 505. 23. 3.79
100.146 1 ESTIMATOR 0. 0.
100.168 1 WIND_INFO 1 42 0. 0. 0.
100.181 1 NAVIGATION 0 2 0. 0. 0. 0. 0 0
100.199 1 GPS 0 0 0 0 0 0 0 0 0 0 1
100.247 1 WP_MOVED 5 360422. 4813583.5 75. 31
100.347 1 BAT 0 0 0 0 1 104 0 0
100.350 1 GPS_SOL 0 0 0 0
100.432 1 NAVIGATION 0 2 0. 0. 0. 0. 0 0
100.449 1 GPS 0 0 0 0 0 0 0 0 0 0 1
100.454 1 NAVIGATION 0 2 0. 0. 0. 0. 0 0
100.457 1 IMU_GYRO 0.008301 0.006348 -0.036133
100.546 1 ATTITUDE -0.073135 2.78554 0.004534
100.646 1 ESTIMATOR 0. 0.
100.681 1 NAVIGATION 0 2 0. 0. 0. 0. 0 0
100.699 1 GPS 0 0 0 0 0 0 0 0 0 0 1
100.747 1 WP_MOVED 6 360165.8125 4813664.5 75. 31
100.799 1 DESIRED 0. 0.01 0. 0. 0. 50. 0.
100.932 1 NAVIGATION 0 2 0. 0. 0. 0. 0 0
100.949 1 GPS 0 0 0 0 0 0 0 0 0 0 1
101.030 1 COMMANDS 0,532,144,0
101.046 1 ATTITUDE -0.07197 2.787678 0.001347
101.058 1 DOWNLINK_STATUS 78 38197 1701 0 470. 20. 3.79
101.130 1 ACTUATORS 0,1120,1521,1449,1527,1527
101.146 1 ESTIMATOR 0. 0.
101.181 1 NAVIGATION 0 2 0. 0. 0. 0. 0 0
101.199 1 GPS 0 0 0 0 0 0 0 0 0 0 1
101.247 1 WP_MOVED 7 360559.40625 4813804.5 75. 31
101.249 1 DL_VALUE 4 0.
101.431 1 NAVIGATION 0 2 0. 0. 0. 0. 0 0
101.449 1 GPS 0 0 0 0 0 0 0 0 0 0 1
101.453 1 NAVIGATION 0 2 0. 0. 0. 0. 0 0
101.457 1 BAT 0 0 0 0 1 105 0 0
101.459 1 CALIBRATION 0. 0
101.546 1 ATTITUDE -0.073883 2.788019 0.008623
101.550 1 IMU_GYRO -0.023193 0.065918 -0.029785
101.646 1 ESTIMATOR 0. 0.
101.649 1 ENERGY 0. 0. 0 0.
101.681 1 NAVIGATION 0 2 0. 0. 0. 0. 0 0
101.699 1 GPS 0 0 0 0 0 0 0 0 0 0 1
101.747 1 WP_MOVED 8 360462.40625 4813640. 30. 31
101.751 1 ALIVE 68,230,201,177,229,211,64,56,73,125,45,2,113,245,219,42
101.849 1 DESIRED 0. 0.01 0. 0. 0. 50. 0.
101.851 1 PPRZ_MODE 2 0 0 0 0 6
101.929 1 FBW_STATUS 2 0 1 0 0
101.934 1 NAVIGATION 0 2 0. 0. 0. 0. 0 0
101.949 1 GPS 0 0 0 0 0 0 0 0 0 0 1
102.046 1 ATTITUDE -0.07199 2.789284 0.000475
102.048 1 STATE_FILTER_STATUS 3 0
102.059 1 DOWNLINK_STATUS 79 38754 1727 0 557. 26. 3.79
102.146 1 ESTIMATOR 0. 0.
102.181 1 NAVIGATION 0 2 0. 0. 0. 0. 0 0
102.199 1 GPS 0 0 0 0 0 0 0 0 0 0 1
102.247 1 WP_MOVED 9 360313.8125 4813652. 0. 31
102.346 1 GPS_SOL 0 0 0 0
102.431 1 NAVIGATION 0 2 0. 0. 0. 0. 0 0
102.449 1 GPS 0 0 0 0 0 0 0 0 0 0 1
102.453 1 NAVIGATION 0 2 0. 0. 0. 0. 0 0
102.546 1 ATTITUDE -0.073796 2.791549 0.006272
102.550 1 BAT 0 0 0 0 1 106 0 0
102.646 1 ESTIMATOR 0. 0.
102.649 1 IMU_GYRO 0.00415 0.014893 -0.037109
102.681 1 NAVIGATION 0 2 0. 0. 0. 0. 0 0
102.699 1 GPS 0 0 0 0 0 0 0 0 0 0 1
102.747 1 WP_MOVED 10 360453.8125 4813581. 75. 31
102.749 1 DL_VALUE 5 0.
102.899 1 DESIRED 0. 0.01 0. 0. 0. 50. 0.
102.931 1 NAVIGATION 0 2 0. 0. 0. 0. 0 0
102.949 1 GPS 0 0 0 0 0 0 0 0 0 0 1
103.046 1 ATTITUDE -0.07518 2.792571 0.008943
103.059 1 DOWNLINK_STATUS 80 39220 1747 0 466. 20. 3.79
103.146 1 ESTIMATOR 0. 0.
103.181 1 NAVIGATION 0 2 0. 0. 0. 0. 0 0
103.199 1 GPS 0 0 0 0 0 0 0 0 0 0 1
103.247 1 WP_MOVED 11 360170.5 4813757.5 75. 31
103.431 1 NAVIGATION 0 2 0. 0. 0. 0. 0 0
103.449 1 GPS 0 0 0 0 0 0 0 0 0 0 1
103.453 1 NAVIGATION 0 2 0. 0. 0. 0. 0 0
103.516 1 PONG 
103.546 1 ATTITUDE -0.075388 2.794237 0.008153
103.548 1 CALIBRATION 0. 0
103.646 1 ESTIMATOR 0. 0.
103.649 1 BAT 0 0 0 0 1 107 0 0
103.681 1 NAVIGATION 0 2 0. 0. 0. 0. 0 0
103.699 1 GPS 0 0 0 0 0 0 0 0 0 0 1
103.747 1 WP_MOVED 0 360327. 4813637. 75. 31
103.750 1 IMU_GYRO 0.02124 -0.029785 -0.034912
103.929 1 FBW_STATUS 2 0 1 0 0
103.933 1 NAVIGATION 0 2 0. 0. 0. 0. 0 0
103.949 1 GPS 0 0 0 0 0 0 0 0 0 0 1
103.955 1 DESIRED 0. 0.01 0. 0. 0. 50. 0.
104.046 1 ATTITUDE -0.072502 2.796725 8.5e-05
104.060 1 DOWNLINK_STATUS 81 39689 1768 0 469. 21. 3.79
104.146 1 ESTIMATOR 0. 0.
104.149 1 ENERGY 0. 0. 0 0.
104.181 1 NAVIGATION 0 2 0. 0. 0. 0. 0 0
104.199 1 GPS 0 0 0 0 0 0 0 0 0 0 1
104.247 1 WP_MOVED 1 360285. 4813595. 75. 31
104.248 1 DL_VALUE 6 100.
104.250 1 DOWNLINK 0 501 2364
104.346 1 GPS_SOL 0 0 0 0
104.431 1 NAVIGATION 0 2 0. 0. 0. 0. 0 0
105.546 1 ATTITUDE -0.077119 2.80297 0.009009
105.645 1 ESTIMATOR 0. 0.
105.647 1 CALIBRATION 0. 0
105.681 1 NAVIGATION 0 2 0. 0. 0. 0. 0 0
105.699 1 GPS 0 0 0 0 0 0 0 0 0 0 1
105.746 1 WP_MOVED 4 360417.3125 4813734. 75. 31
105.748 1 DL_VALUE 7 2.
105.846 1 BAT 0 0 0 0 1 109 0 0
105.929 1 FBW_STATUS 2 0 1 0 0
105.933 1 NAVIGATION 0 2 0. 0. 0. 0. 0 0
105.949 1 GPS 0 0 0 0 0 0 0 0 0 0 1
105.952 1 IMU_GYRO 0.00415 0.013672 -0.033936
106.029 1 COMMANDS 0,568,29,0
106.046 1 ATTITUDE -0.076875 2.805225 0.008066
106.052 1 DESIRED 0. 0.01 0. 0. 0. 50. 0.
106.130 1 ACTUATORS 0,1120,1516,1450,1529,1529
106.145 1 ESTIMATOR 0. 0.
106.181 1 NAVIGATION 0 2 0. 0. 0. 0. 0 0
106.199 1 GPS 0 0 0 0 0 0 0 0 0 0 1
106.246 1 WP_MOVED 5 360422. 4813583.5 75. 31
106.346 1 GPS_SOL 0 0 0 0
106.431 1 NAVIGATION 0 2 0. 0. 0. 0. 0 0
106.449 1 GPS 0 0 0 0 0 0 0 0 0 0 1
106.453 1 NAVIGATION 0 2 0. 0. 0. 0. 0 0
106.508 1 DOWNLINK_STATUS 1 525 24 0 525. 24. 0.
106.546 1 ATTITUDE -0.076764 2.807342 0.007553
106.645 1 ESTIMATOR 0. 0.
106.649 1 ENERGY 0. 0. 0 0.
106.681 1 NAVIGATION 0 2 0. 0. 0. 0. 0 0
106.699 1 GPS 0 0 0 0 0 0 0 0 0 0 1
106.747 1 WP_MOVED 6 360165.8125 4813664.5 75. 31
106.750 1 ALIVE 68,230,201,177,229,211,64,56,73,125,45,2,113,245,219,42
106.845 1 PPRZ_MODE 2 0 0 0 0 6
106.931 1 NAVIGATION 0 2 0. 0. 0. 0. 0 0
106.949 1 GPS 0 0 0 0 0 0 0 0 0 0 1
106.952 1 BAT 0 0 0 0 1 111 0 0
107.046 1 ATTITUDE -0.07633 2.80965 0.006417
107.049 1 IMU_GYRO 0.006348 0.012695 -0.033936
107.050 1 STATE_FILTER_STATUS 3 0
107.099 1 DESIRED 0. 0.01 0. 0. 0. 50. 0.
107.145 1 ESTIMATOR 0. 0.
107.184 1 NAVIGATION 0 2 0. 0. 0. 0. 0 0
107.199 1 GPS 0 0 0 0 0 0 0 0 0 0 1
107.246 1 WP_MOVED 7 360559.40625 4813804.5 75. 31
107.248 1 DL_VALUE 8 0.
107.431 1 NAVIGATION 0 2 0. 0. 0. 0. 0 0
107.449 1 GPS 0 0 0 0 0 0 0 0 0 0 1
107.453 1 NAVIGATION 0 2 0. 0. 0. 0. 0 0
107.509 1 DOWNLINK_STATUS 2 1038 47 0 513. 23. 0.
107.546 1 ATTITUDE -0.074639 2.81148 0.001967
107.645 1 ESTIMATOR 0. 0.
107.681 1 NAVIGATION 0 2 0. 0. 0. 0. 0 0
107.699 1 GPS 0 0 0 0 0 0 0 0 0 0 1
107.746 1 WP_MOVED 8 360462.40625 4813640. 30. 31
107.748 1 CALIBRATION 0. 0
107.929 1 FBW_STATUS 2 0 1 0 0
107.933 1 NAVIGATION 0 2 0. 0. 0. 0. 0 0
107.949 1 GPS 0 0 0 0 0 0 0 0 0 0 1
108.046 1 ATTITUDE -0.075346 2.813451 0.001602
108.049 1 BAT 0 0 0 0 1 112 0 0
108.145 1 ESTIMATOR 0. 0.
108.151 1 DESIRED 0. 0.01 0. 0. 0. 50. 0.
108.154 1 IMU_GYRO 0.012695 -0.008301 -0.036133
108.181 1 NAVIGATION 0 2 0. 0. 0. 0. 0 0
108.199 1 GPS 0 0 0 0 0 0 0 0 0 0 1
108.246 1 WP_MOVED 9 360313.8125 4813652. 0. 31
108.346 1 GPS_SOL 0 0 0 0
108.431 1 NAVIGATION 0 2 0. 0. 0. 0. 0 0
108.449 1 GPS 0 0 0 0 0 0 0 0 0 0 1
108.453 1 NAVIGATION 0 2 0. 0. 0. 0. 0 0
108.510 1 DOWNLINK_STATUS 3 1518 68 0 480. 21. 0.
108.546 1 ATTITUDE -0.074527 2.815635 -0.001347
108.645 1 ESTIMATOR 0. 0.
108.681 1 NAVIGATION 0 2 0. 0. 0. 0. 0 0
108.699 1 GPS 0 0 0 0 0 0 0 0 0 0 1
108.746 1 WP_MOVED 10 360453.8125 4813581. 75. 31
108.750 1 DL_VALUE 9 1.
108.931 1 NAVIGATION 0 2 0. 0. 0. 0. 0 0
108.949 1 GPS 0 0 0 0 0 0 0 0 0 0 1
109.048 1 ATTITUDE -0.075775 2.817307 0.004066
109.145 1 ESTIMATOR 0. 0.
109.149 1 BAT 0 0 0 0 1 113 0 0
109.152 1 ENERGY 0. 0. 0 0.
109.181 1 NAVIGATION 0 2 0. 0. 0. 0. 0 0
109.199 1 GPS 0 0 0 0 0 0 0 0 0 0 1
109.204 1 DESIRED 0. 0.01 0. 0. 0. 50. 0.
109.246 1 WP_MOVED 11 360170.5 4813757.5 75. 31
109.249 1 IMU_GYRO 0.02124 -0.036133 -0.036133
109.345 1 DOWNLINK 0 483 2473
109.431 1 NAVIGATION 0 2 0. 0. 0. 0. 0 0
109.449 1 GPS 0 0 0 0 0 0 0 0 0 0 1
109.453 1 NAVIGATION 0 2 0. 0. 0. 0. 0 0
109.511 1 DOWNLINK_STATUS 4 1998 89 0 480. 21. 0.
109.546 1 ATTITUDE -0.076166 2.819738 0.008926
109.645 1 ESTIMATOR 0. 0.
109.681 1 NAVIGATION 0 2 0. 0. 0. 0. 0 0
109.698 1 GPS 0 0 0 0 0 0 0 0 0 0 1
109.746 1 WP_MOVED 0 360327. 4813637. 75. 31
109.845 1 CALIBRATION 0. 0
109.928 1 FBW_STATUS 2 0 1 0 0
109.933 1 NAVIGATION 0 2 0. 0. 0. 0. 0 0
109.948 1 GPS 0 0 0 0 0 0 0 0 0 0 1
110.046 1 ATTITUDE -0.07759 2.822141 0.010473
110.145 1 ESTIMATOR 0. 0.
110.181 1 NAVIGATION 0 2 0. 0. 0. 0. 0 0
110.198 1 GPS 0 0 0 0 0 0 0 0 0 0 1
110.246 1 WP_MOVED 1 360285. 4813595. 75. 31
110.255 1 DESIRED 0. 0.01 0. 0. 0. 50. 0.
110.256 1 BAT 0 0 0 0 1 114 0 0
110.257 1 DL_VALUE 10 0.
110.346 1 IMU_GYRO 0.006348 0.006348 -0.034912
110.349 1 GPS_SOL 0 0 0 0
110.431 1 NAVIGATION 0 2 0. 0. 0. 0. 0 0
110.448 1 GPS 0 0 0 0 0 0 0 0 0 0 1
110.453 1 NAVIGATION 0 2 0. 0. 0. 0. 0 0
110.512 1 DOWNLINK_STATUS 5 2489 111 0 491. 22. 0.
110.546 1 ATTITUDE -0.079247 2.824579 0.006363
110.645 1 ESTIMATOR 0. 0.
110.681 1 NAVIGATION 0 2 0. 0. 0. 0. 0 0
110.698 1 GPS 0 0 0 0 0 0 0 0 0 0 1
110.746 1 WP_MOVED 2 360334.5 4813695. 75. 31
110.931 1 NAVIGATION 0 2 0. 0. 0. 0. 0 0
110.948 1 GPS 0 0 0 0 0 0 0 0 0 0 1
111.012 1 PONG 
111.029 1 COMMANDS 0,572,107,0
111.046 1 ATTITUDE -0.077541 2.826252 0.004519
111.129 1 ACTUATORS 0,1120,1518,1450,1529,1529
111.145 1 ESTIMATOR 0. 0.
111.181 1 NAVIGATION 0 2 0. 0. 0. 0. 0 0
111.198 1 GPS 0 0 0 0 0 0 0 0 0 0 1
111.246 1 WP_MOVED 3 360295.09375 4813785. 75. 31
111.299 1 DESIRED 0. 0.01 0. 0. 0. 50. 0.
111.346 1 BAT 0 0 0 0 1 115 0 0
111.431 1 NAVIGATION 0 2 0. 0. 0. 0. 0 0
111.448 1 GPS 0 0 0 0 0 0 0 0 0 0 1
111.453 1 NAVIGATION 0 2 0. 0. 0. 0. 0 0
111.456 1 IMU_GYRO 0.00415 0.019043 -0.033936
111.513 1 DOWNLINK_STATUS 6 2967 132 0 478. 21. 3.73
111.546 1 ATTITUDE -0.077767 2.828267 0.005671
111.645 1 ESTIMATOR 0. 0.
111.649 1 ENERGY 0. 0. 0 0.
111.681 1 NAVIGATION 0 2 0. 0. 0. 0. 0 0
111.698 1 GPS 0 0 0 0 0 0 0 0 0 0 1
111.746 1 WP_MOVED 4 360417.3125 4813734. 75. 31
111.748 1 DL_VALUE 0 0.
111.752 1 ALIVE 68,230,201,177,229,211,64,56,73,125,45,2,113,245,219,42
111.845 1 PPRZ_MODE 2 0 0 0 0 6
111.928 1 FBW_STATUS 2 0 1 0 0
111.933 1 NAVIGATION 0 2 0. 0. 0. 0. 0 0
111.948 1 GPS 0 0 0 0 0 0 0 0 0 0 1
111.950 1 CALIBRATION 0. 0
112.046 1 ATTITUDE -0.077143 2.831068 0.005458
112.047 1 STATE_FILTER_STATUS 3 0
112.145 1 ESTIMATOR 0. 0.
112.180 1 NAVIGATION 0 2 0. 0. 0. 0. 0 0
112.198 1 GPS 0 0 0 0 0 0 0 0 0 0 1
112.246 1 WP_MOVED 5 360422. 4813583.5 75. 31
112.348 1 DESIRED 0. 0.01 0. 0. 0. 50. 0.
112.351 1 GPS_SOL 0 0 0 0
112.430 1 NAVIGATION 0 2 0. 0. 0. 0. 0 0
112.448 1 GPS 0 0 0 0 0 0 0 0 0 0 1
112.453 1 NAVIGATION 0 2 0. 0. 0. 0. 0 0
112.456 1 BAT 0 0 0 0 1 116 0 0
112.514 1 DOWNLINK_STATUS 7 3504 157 0 537. 25. 3.73
112.546 1 ATTITUDE -0.077001 2.832868 0.00404
112.549 1 IMU_GYRO 0.008301 0. -0.031738
112.645 1 ESTIMATOR 0. 0.
112.680 1 NAVIGATION 0 2 0. 0. 0. 0. 0 0
112.698 1 GPS 0 0 0 0 0 0 0 0 0 0 1
112.746 1 WP_MOVED 6 360165.8125 4813664.5 75. 31
112.931 1 NAVIGATION 0 2 0. 0. 0. 0. 0 0
112.948 1 GPS 0 0 0 0 0 0 0 0 0 0 1
113.046 1 ATTITUDE -0.074959 2.834726 -0.000172
113.145 1 ESTIMATOR 0. 0.
113.180 1 NAVIGATION 0 2 0. 0. 0. 0. 0 0
113.198 1 GPS 0 0 0 0 0 0 0 0 0 0 1
113.246 1 WP_MOVED 7 360559.40625 4813804.5 75. 31
113.248 1 DL_VALUE 1 0.
113.398 1 DESIRED 0. 0.01 0. 0. 0. 50. 0.
113.431 1 NAVIGATION 0 2 0. 0. 0. 0. 0 0
113.448 1 GPS 0 0 0 0 0 0 0 0 0 0 1
113.453 1 NAVIGATION 0 2 0. 0. 0. 0. 0 0
113.515 1 DOWNLINK_STATUS 8 3933 175 0 429. 18. 3.73
113.547 1 ATTITUDE -0.07602 2.836781 0.00262
113.549 1 BAT 0 0 0 0 1 117 0 0
113.645 1 ESTIMATOR 0. 0.
113.648 1 IMU_GYRO -0.012695 0.016846 -0.032959
113.680 1 NAVIGATION 0 2 0. 0. 0. 0. 0 0
113.698 1 GPS 0 0 0 0 0 0 0 0 0 0 1
113.746 1 WP_MOVED 8 360462.40625 4813640. 30. 31
113.928 1 FBW_STATUS 2 0 1 0 0
113.933 1 NAVIGATION 0 2 0. 0. 0. 0. 0 0
113.948 1 GPS 0 0 0 0 0 0 0 0 0 0 1
114.046 1 ATTITUDE -0.057435 2.826988 -0.127434
114.048 1 CALIBRATION 0. 0
114.145 1 ESTIMATOR 0. 0.
114.148 1 ENERGY 0. 0. 0 0.
114.180 1 NAVIGATION 0 2 0. 0. 0. 0. 0 0
114.198 1 GPS 0 0 0 0 0 0 0 0 0 0 1
114.246 1 WP_MOVED 9 360313.8125 4813652. 0. 31
114.249 1 NAVIGATION_REF 360285 4813595 31
114.345 1 GPS_SOL 0 0 0 0
114.431 1 NAVIGATION 0 2 0. 0. 0. 0. 0 0
114.448 1 GPS 0 0 0 0 0 0 0 0 0 0 1
114.453 1 NAVIGATION 0 2 0. 0. 0. 0. 0 0
114.459 1 DESIRED 0. 0.01 0. 0. 0. 50. 0.
114.461 1 DOWNLINK 0 499 2586
114.516 1 DOWNLINK_STATUS 9 4459 199 0 526. 24. 3.73
114.546 1 ATTITUDE -0.040556 2.798124 -0.535098
114.645 1 ESTIMATOR 0. 0.
114.648 1 BAT 0 0 0 0 1 118 0 0
114.680 1 NAVIGATION 0 2 0. 0. 0. 0. 0 0
114.698 1 GPS 0 0 0 0 0 0 0 0 0 0 1
114.746 1 WP_MOVED 10 360453.8125 4813581. 75. 31
114.749 1 IMU_GYRO 0.001953 0.048828 -0.057373
114.751 1 DL_VALUE 2 50.
114.931 1 NAVIGATION 0 2 0. 0. 0. 0. 0 0
114.948 1 GPS 0 0 0 0 0 0 0 0 0 0 1
115.046 1 ATTITUDE -0.038948 2.784784 -0.61408
115.145 1 ESTIMATOR 0. 0.
115.180 1 NAVIGATION 0 2 0. 0. 0. 0. 0 0
115.198 1 GPS 0 0 0 0 0 0 0 0 0 0 1
115.246 1 WP_MOVED 11 360170.5 4813757.5 75. 31
115.431 1 NAVIGATION 0 2 0. 0. 0. 0. 0 0
115.448 1 GPS 0 0 0 0 0 0 0 0 0 0 1
115.453 1 NAVIGATION 0 2 0. 0. 0. 0. 0 0
115.498 1 DESIRED 0. 0. 0. 0. 0. 50. 0.
115.516 1 DOWNLINK_STATUS 10 4908 218 0 449. 19. 3.73
115.546 1 ATTITUDE -0.03533 2.782179 -0.600352
115.645 1 ESTIMATOR 0. 0.
115.680 1 NAVIGATION 0 2 0. 0. 0. 0. 0 0
115.698 1 GPS 0 0 0 0 0 0 0 0 0 0 1
115.746 1 WP_MOVED 0 360327. 4813637. 75. 31
115.749 1 BAT 0 0 0 0 1 119 0 0
115.846 1 IMU_GYRO 0.010498 0.106201 -0.038086
115.928 1 FBW_STATUS 2 0 1 0 0
115.933 1 NAVIGATION 0 2 0. 0. 0. 0. 0 0
115.948 1 GPS 0 0 0 0 0 0 0 0 0 0 1
116.012 1 PONG 
116.028 1 COMMANDS 0,256,9600,0
116.046 1 ATTITUDE -0.034622 2.781254 -0.581576
116.129 1 ACTUATORS 0,1120,1900,1444,1513,1513
116.145 1 ESTIMATOR 0. 0.
116.147 1 CALIBRATION 0. 0
116.180 1 NAVIGATION 0 2 0. 0. 0. 0. 0 0
116.198 1 GPS 0 0 0 0 0 0 0 0 0 0 1
116.246 1 WP_MOVED 1 360285. 4813595. 75. 31
116.248 1 DL_VALUE 3 0.
116.345 1 GPS_SOL 0 0 0 0
116.431 1 NAVIGATION 0 2 0. 0. 0. 0. 0 0
116.448 1 GPS 0 0 0 0 0 0 0 0 0 0 1
116.453 1 NAVIGATION 0 2 0. 0. 0. 0. 0 0
116.517 1 DOWNLINK_STATUS 11 5405 242 0 497. 24. 3.81
116.545 1 ATTITUDE -0.037526 2.781189 -0.570516
116.551 1 DESIRED 0. 0. 0. 0. 0. 50. 0.
116.645 1 ESTIMATOR 0. 0.
116.648 1 ENERGY 0. 0. 0 0.
116.680 1 NAVIGATION 0 2 0. 0. 0. 0. 0 0
116.698 1 GPS 0 0 0 0 0 0 0 0 0 0 1
116.746 1 WP_MOVED 2 360334.5 4813695. 75. 31
116.750 1 ALIVE 68,230,201,177,229,211,64,56,73,125,45,2,113,245,219,42
116.846 1 BAT 0 0 0 0 1 120 0 0
116.848 1 PPRZ_MODE 2 0 0 0 0 6
116.931 1 NAVIGATION 0 2 0. 0. 0. 0. 0 0
116.948 1 GPS 0 0 0 0 0 0 0 0 0 0 1
116.951 1 IMU_GYRO 0.014893 -0.162598 -0.031738
117.045 1 ATTITUDE -0.033994 2.783951 -0.595867
117.047 1 STATE_FILTER_STATUS 3 0
117.145 1 ESTIMATOR 0. 0.
117.180 1 NAVIGATION 0 2 0. 0. 0. 0. 0 0
117.198 1 GPS 0 0 0 0 0 0 0 0 0 0 1
117.246 1 WP_MOVED 3 360295.09375 4813785. 75. 31
117.431 1 NAVIGATION 0 2 0. 0. 0. 0. 0 0
117.448 1 GPS 0 0 0 0 0 0 0 0 0 0 1
117.453 1 NAVIGATION 0 2 0. 0. 0. 0. 0 0
117.511 1 WIND_INFO 1 42 0. 0. 0.
117.518 1 DOWNLINK_STATUS 12 5907 264 0 502. 22. 3.81
117.545 1 ATTITUDE -0.038204 2.781883 -0.573448
117.598 1 DESIRED 0. 0. 0. 0. 0. 50. 0.
117.645 1 ESTIMATOR 0. 0.
117.680 1 NAVIGATION 0 2 0. 0. 0. 0. 0 0
117.698 1 GPS 0 0 0 0 0 0 0 0 0 0 1
117.746 1 WP_MOVED 4 360417.3125 4813734. 75. 31
117.748 1 DL_VALUE 4 0.
117.928 1 FBW_STATUS 2 0 1 0 0
117.933 1 NAVIGATION 0 2 0. 0. 0. 0. 0 0
117.948 1 GPS 0 0 0 0 0 0 0 0 0 0 1
117.951 1 BAT 0 0 0 0 1 122 0 0
118.045 1 ATTITUDE -0.039607 2.783092 -0.578614
118.049 1 IMU_GYRO -0.006348 0.040283 -0.040283
118.145 1 ESTIMATOR 0. 0.
118.180 1 NAVIGATION 0 2 0. 0. 0. 0. 0 0
118.198 1 GPS 0 0 0 0 0 0 0 0 0 0 1
118.246 1 WP_MOVED 5 360422. 4813583.5 75. 31
118.248 1 CALIBRATION 0. 0
118.345 1 GPS_SOL 0 0 0 0
118.431 1 NAVIGATION 0 2 0. 0. 0. 0. 0 0
118.448 1 GPS 0 0 0 0 0 0 0 0 0 0 1
118.452 1 NAVIGATION 0 2 0. 0. 0. 0. 0 0
118.518 1 DOWNLINK_STATUS 13 6398 286 0 491. 22. 3.81
118.545 1 ATTITUDE -0.037758 2.78175 -0.588078
118.645 1 ESTIMATOR 0. 0.
118.651 1 DESIRED 0. 0. 0. 0. 0. 50. 0.
118.680 1 NAVIGATION 0 2 0. 0. 0. 0. 0 0
118.698 1 GPS 0 0 0 0 0 0 0 0 0 0 1
118.746 1 WP_MOVED 6 360165.8125 4813664.5 75. 31
118.931 1 NAVIGATION 0 2 0. 0. 0. 0. 0 0
118.948 1 GPS 0 0 0 0 0 0 0 0 0 0 1
119.046 1 ATTITUDE -0.03623 2.781447 -0.594256
119.049 1 BAT 0 0 0 0 1 123 0 0
119.145 1 ESTIMATOR 0. 0.
119.148 1 IMU_GYRO 0.001953 0.012695 -0.041504
119.151 1 ENERGY 0. 0. 0 0.
119.180 1 NAVIGATION 0 2 0. 0. 0. 0. 0 0
119.198 1 GPS 0 0 0 0 0 0 0 0 0 0 1
119.246 1 WP_MOVED 7 360559.40625 4813804.5 75. 31
119.248 1 DL_VALUE 5 0.
119.430 1 NAVIGATION 0 2 0. 0. 0. 0. 0 0
119.448 1 GPS 0 0 0 0 0 0 0 0 0 0 1
119.452 1 NAVIGATION 0 2 0. 0. 0. 0. 0 0
119.519 1 DOWNLINK_STATUS 14 6867 306 0 469. 20. 3.81
119.546 1 ATTITUDE -0.034506 2.778309 -0.581573
119.547 1 DOWNLINK 0 477 2695
119.645 1 ESTIMATOR 0. 0.
119.680 1 NAVIGATION 0 2 0. 0. 0. 0. 0 0
119.698 1 GPS 0 0 0 0 0 0 0 0 0 0 1
119.704 1 DESIRED 0. 0. 0. 0. 0. 50. 0.
119.746 1 WP_MOVED 8 360462.40625 4813640. 30. 31
119.928 1 FBW_STATUS 2 0 1 0 0
119.932 1 NAVIGATION 0 2 0. 0. 0. 0. 0 0
119.948 1 GPS 0 0 0 0 0 0 0 0 0 0 1
120.047 1 ATTITUDE -0.070992 2.789424 3.2e-05
120.145 1 ESTIMATOR 0. 0.
120.148 1 BAT 0 0 0 0 1 124 0 0
120.180 1 NAVIGATION 0 2 0. 0. 0. 0. 0 0
120.198 1 GPS 0 0 0 0 0 0 0 0 0 0 1
120.246 1 WP_MOVED 9 360313.8125 4813652. 0. 31
120.249 1 IMU_GYRO 0.029785 0.344727 -0.016846
120.345 1 GPS_SOL 0 0 0 0
120.347 1 CALIBRATION 0. 0
120.430 1 NAVIGATION 0 2 0. 0. 0. 0. 0 0
120.448 1 GPS 0 0 0 0 0 0 0 0 0 0 1
120.452 1 NAVIGATION 0 2 0. 0. 0. 0. 0 0
120.520 1 DOWNLINK_STATUS 15 7358 328 0 491. 22. 3.81
120.547 1 ATTITUDE -0.083028 2.776665 0.034068
120.645 1 ESTIMATOR 0. 0.
120.680 1 NAVIGATION 0 2 0. 0. 0. 0. 0 0
120.698 1 GPS 0 0 0 0 0 0 0 0 0 0 1
120.746 1 WP_MOVED 10 360453.8125 4813581. 75. 31
120.751 1 DESIRED 0. 0.01 0. 0. 0. 50. 0.
120.753 1 DL_VALUE 6 100.
120.930 1 NAVIGATION 0 2 0. 0. 0. 0. 0 0
120.948 1 GPS 0 0 0 0 0 0 0 0 0 0 1
121.013 1 PONG 
121.028 1 COMMANDS 0,585,-1498,0
121.047 1 ATTITUDE -0.079117 2.784433 0.084899
121.129 1 ACTUATORS 0,1120,1447,1451,1530,1530
121.145 1 ESTIMATOR 0. 0.
121.180 1 NAVIGATION 0 2 0. 0. 0. 0. 0 0
121.198 1 GPS 0 0 0 0 0 0 0 0 0 0 1
121.246 1 WP_MOVED 11 360170.5 4813757.5 75. 31
121.249 1 BAT 0 0 0 0 1 125 0 0
121.345 1 IMU_GYRO -0.061523 -0.033936 0.265869
121.430 1 NAVIGATION 0 2 0. 0. 0. 0. 0 0
121.448 1 GPS 0 0 0 0 0 0 0 0 0 0 1
121.452 1 NAVIGATION 0 2 0. 0. 0. 0. 0 0
121.521 1 DOWNLINK_STATUS 16 7847 350 0 489. 22. 3.8
121.547 1 ATTITUDE -0.095413 2.873112 0.167696
121.644 1 ESTIMATOR 0. 0.
121.648 1 ENERGY 0. 0. 0 0.
121.680 1 NAVIGATION 0 2 0. 0. 0. 0. 0 0
121.698 1 GPS 0 0 0 0 0 0 0 0 0 0 1
121.746 1 WP_MOVED 0 360327. 4813637. 75. 31
121.750 1 ALIVE 68,230,201,177,229,211,64,56,73,125,45,2,113,245,219,42
121.798 1 DESIRED 0. 0.01 0. 0. 0. 50. 0.
121.844 1 PPRZ_MODE 2 0 0 0 0 6
121.928 1 FBW_STATUS 2 0 1 0 0
121.932 1 NAVIGATION 0 2 0. 0. 0. 0. 0 0
121.948 1 GPS 0 0 0 0 0 0 0 0 0 0 1
122.047 1 ATTITUDE -0.086322 2.797319 0.617478
122.048 1 STATE_FILTER_STATUS 3 0
122.144 1 ESTIMATOR 0. 0.
122.180 1 NAVIGATION 0 2 0. 0. 0. 0. 0 0
122.198 1 GPS 0 0 0 0 0 0 0 0 0 0 1
122.245 1 WP_MOVED 1 360285. 4813595. 75. 31
122.247 1 DL_VALUE 7 2.
122.345 1 BAT 0 0 0 0 1 126 0 0
122.348 1 GPS_SOL 0 0 0 0
122.430 1 NAVIGATION 0 2 0. 0. 0. 0. 0 0
122.448 1 GPS 0 0 0 0 0 0 0 0 0 0 1
122.452 1 NAVIGATION 0 2 0. 0. 0. 0. 0 0
122.455 1 IMU_GYRO 0.027588 0.087158 -0.032959
122.457 1 CALIBRATION 0. 0
122.522 1 DOWNLINK_STATUS 17 8402 376 0 555. 26. 3.8
122.545 1 ATTITUDE -0.063537 2.815328 0.641967
122.644 1 ESTIMATOR 0. 0.
122.680 1 NAVIGATION 0 2 0. 0. 0. 0. 0 0
122.698 1 GPS 0 0 0 0 0 0 0 0 0 0 1
122.745 1 WP_MOVED 2 360334.5 4813695. 75. 31
122.848 1 DESIRED 0. 0.01 0. 0. 0. 50. 0.
122.930 1 NAVIGATION 0 2 0. 0. 0. 0. 0 0
122.948 1 GPS 0 0 0 0 0 0 0 0 0 0 1
123.045 1 ATTITUDE -0.055772 2.832175 0.525289
123.144 1 ESTIMATOR 0. 0.
123.180 1 NAVIGATION 0 2 0. 0. 0. 0. 0 0
123.198 1 GPS 0 0 0 0 0 0 0 0 0 0 1
123.245 1 WP_MOVED 3 360295.09375 4813785. 75. 31
123.248 1 NAVIGATION_REF 360285 4813595 31
123.430 1 NAVIGATION 0 2 0. 0. 0. 0. 0 0
123.448 1 GPS 0 0 0 0 0 0 0 0 0 0 1
123.452 1 NAVIGATION 0 2 0. 0. 0. 0. 0 0
123.456 1 BAT 0 0 0 0 1 127 0 0
123.523 1 DOWNLINK_STATUS 18 8837 394 0 435. 18. 3.8
123.545 1 ATTITUDE -0.079129 2.819251 0.021868
123.550 1 IMU_GYRO 0.008301 0.005127 -0.033936
123.644 1 ESTIMATOR 0. 0.
123.680 1 NAVIGATION 0 2 0. 0. 0. 0. 0 0
123.698 1 GPS 0 0 0 0 0 0 0 0 0 0 1
123.745 1 WP_MOVED 4 360417.3125 4813734. 75. 31
123.747 1 DL_VALUE 8 0.
123.898 1 DESIRED 0. 0.01 0. 0. 0. 50. 0.
123.928 1 FBW_STATUS 2 0 1 0 0
123.932 1 NAVIGATION 0 2 0. 0. 0. 0. 0 0
123.948 1 GPS 0 0 0 0 0 0 0 0 0 0 1
124.045 1 ATTITUDE -0.105102 2.836482 0.022905
124.144 1 ESTIMATOR 0. 0.
124.148 1 ENERGY 0. 0. 0 0.
124.180 1 NAVIGATION 0 2 0. 0. 0. 0. 0 0
124.198 1 GPS 0 0 0 0 0 0 0 0 0 0 1
124.245 1 WP_MOVED 5 360422. 4813583.5 75. 31
124.345 1 GPS_SOL 0 0 0 0
124.430 1 NAVIGATION 0 2 0. 0. 0. 0. 0 0
124.448 1 GPS 0 0 0 0 0 0 0 0 0 0 1
124.452 1 NAVIGATION 0 2 0. 0. 0. 0. 0 0
124.524 1 DOWNLINK_STATUS 19 9317 415 0 480. 21. 3.8
124.545 1 ATTITUDE -0.514862 2.857057 -0.028591
124.548 1 BAT 0 0 0 0 1 128 0 0
124.551 1 CALIBRATION 0. 0
124.644 1 ESTIMATOR 0. 0.
124.647 1 IMU_GYRO 0.036133 0.02002 -0.022217
124.649 1 DOWNLINK 0 492 2808
124.680 1 NAVIGATION 0 2 0. 0. 0. 0. 0 0
124.698 1 GPS 0 0 0 0 0 0 0 0 0 0 1
124.745 1 WP_MOVED 6 360165.8125 4813664.5 75. 31
124.930 1 NAVIGATION 0 2 0. 0. 0. 0. 0 0
124.948 1 GPS 0 0 0 0 0 0 0 0 0 0 1
124.953 1 DESIRED 0. 0.06 0. 0. 0. 50. 0.
125.045 1 ATTITUDE -0.501887 2.867205 -0.022202
125.144 1 ESTIMATOR 0. 0.
125.180 1 NAVIGATION 0 2 0. 0. 0. 0. 0 0
125.198 1 GPS 0 0 0 0 0 0 0 0 0 0 1
125.245 1 WP_MOVED 7 360559.40625 4813804.5 75. 31
125.247 1 DL_VALUE 9 1.
125.430 1 NAVIGATION 0 2 0. 0. 0. 0. 0 0
125.448 1 GPS 0 0 0 0 0 0 0 0 0 0 1
125.452 1 NAVIGATION 0 2 0. 0. 0. 0. 0 0
125.525 1 DOWNLINK_STATUS 20 9788 436 0 471. 21. 3.8
125.545 1 ATTITUDE -0.452342 2.852056 -0.006622
125.644 1 ESTIMATOR 0. 0.
125.648 1 BAT 0 0 0 0 1 129 0 0
125.680 1 NAVIGATION 0 2 0. 0. 0. 0. 0 0
125.698 1 GPS 0 0 0 0 0 0 0 0 0 0 1
125.745 1 WP_MOVED 8 360462.40625 4813640. 30. 31
125.748 1 IMU_GYRO 2.400635 0.0979 0.753418
125.928 1 FBW_STATUS 2 0 1 0 0
125.932 1 NAVIGATION 0 2 0. 0. 0. 0. 0 0
125.948 1 GPS 0 0 0 0 0 0 0 0 0 0 1
125.998 1 DESIRED 0. 0.01 0. 0. 0. 50. 0.
126.014 1 PONG 
126.028 1 COMMANDS 0,-1205,-595,0
126.045 1 ATTITUDE 0.158817 2.863934 0.047622
126.129 1 ACTUATORS 0,1120,1434,1409,1393,1393
126.144 1 ESTIMATOR 0. 0.
126.180 1 NAVIGATION 0 2 0. 0. 0. 0. 0 0
126.198 1 GPS 0 0 0 0 0 0 0 0 0 0 1
126.245 1 WP_MOVED 9 360313.8125 4813652. 0. 31
126.345 1 GPS_SOL 0 0 0 0
126.430 1 NAVIGATION 0 2 0. 0. 0. 0. 0 0
126.448 1 GPS 0 0 0 0 0 0 0 0 0 0 1
126.452 1 NAVIGATION 0 2 0. 0. 0. 0. 0 0
126.526 1 DOWNLINK_STATUS 21 10297 459 0 509. 23. 3.79
126.545 1 ATTITUDE 0.409735 2.978164 0.233201
126.644 1 ESTIMATOR 0. 0.
126.646 1 CALIBRATION 0. 0
126.650 1 ENERGY 0. 0. 0 0.
126.680 1 NAVIGATION 0 2 0. 0. 0. 0. 0 0
126.697 1 GPS 0 0 0 0 0 0 0 0 0 0 1
126.745 1 WP_MOVED 10 360453.8125 4813581. 75. 31
126.749 1 BAT 0 0 0 0 1 130 0 0
126.751 1 DL_VALUE 10 0.
126.755 1 ALIVE 68,230,201,177,229,211,64,56,73,125,45,2,113,245,219,42
126.845 1 IMU_GYRO 0.019043 -0.069092 0.055176
126.847 1 PPRZ_MODE 2 0 0 0 0 6
126.930 1 NAVIGATION 0 2 0. 0. 0. 0. 0 0
126.947 1 GPS 0 0 0 0 0 0 0 0 0 0 1
127.045 1 ATTITUDE 0.404422 2.976278 0.211694
127.051 1 DESIRED 0. 0.05 0. 0. 0. 50. 0.
127.052 1 STATE_FILTER_STATUS 3 0
127.144 1 ESTIMATOR 0. 0.
127.180 1 NAVIGATION 0 2 0. 0. 0. 0. 0 0
127.197 1 GPS 0 0 0 0 0 0 0 0 0 0 1
127.245 1 WP_MOVED 11 360170.5 4813757.5 75. 31
127.430 1 NAVIGATION 0 2 0. 0. 0. 0. 0 0
127.447 1 GPS 0 0 0 0 0 0 0 0 0 0 1
127.452 1 NAVIGATION 0 2 0. 0. 0. 0. 0 0
127.511 1 WIND_INFO 1 42 0. 0. 0.
127.527 1 DOWNLINK_STATUS 22 10821 483 0 524. 24. 3.79
127.545 1 ATTITUDE -0.141057 2.804233 0.021279
127.644 1 ESTIMATOR 0. 0.
127.680 1 NAVIGATION 0 2 0. 0. 0. 0. 0 0
127.697 1 GPS 0 0 0 0 0 0 0 0 0 0 1
127.745 1 WP_MOVED 0 360327. 4813637. 75. 31
127.845 1 BAT 0 0 0 0 1 131 0 0
127.927 1 FBW_STATUS 2 0 1 0 0
127.932 1 NAVIGATION 0 2 0. 0. 0. 0. 0 0
127.947 1 GPS 0 0 0 0 0 0 0 0 0 0 1
127.951 1 IMU_GYRO 0.084961 0.968262 0.027588
128.045 1 ATTITUDE -0.058705 2.793937 0.129924
128.098 1 DESIRED 0. 0.01 0. 0. 0. 50. 0.
128.144 1 ESTIMATOR 0. 0.
128.180 1 NAVIGATION 0 2 0. 0. 0. 0. 0 0
128.197 1 GPS 0 0 0 0 0 0 0 0 0 0 1
128.245 1 WP_MOVED 1 360285. 4813595. 75. 31
128.247 1 DL_VALUE 0 0.
128.345 1 GPS_SOL 0 0 0 0
128.430 1 NAVIGATION 0 2 0. 0. 0. 0. 0 0
128.447 1 GPS 0 0 0 0 0 0 0 0 0 0 1
128.452 1 NAVIGATION 0 2 0. 0. 0. 0. 0 0
128.527 1 DOWNLINK_STATUS 23 11301 504 0 480. 21. 3.79
128.545 1 ATTITUDE -0.082271 2.838028 0.020405
128.644 1 ESTIMATOR 0. 0.
128.679 1 NAVIGATION 0 2 0. 0. 0. 0. 0 0
128.697 1 GPS 0 0 0 0 0 0 0 0 0 0 1
128.745 1 WP_MOVED 2 360334.5 4813695. 75. 31
128.747 1 CALIBRATION 0. 0
128.930 1 NAVIGATION 0 2 0. 0. 0. 0. 0 0
128.947 1 GPS 0 0 0 0 0 0 0 0 0 0 1
128.951 1 BAT 0 0 0 0 1 133 0 0
129.045 1 ATTITUDE -0.073816 2.864825 0.079289
129.048 1 IMU_GYRO -0.072266 -0.833252 -0.108398
129.144 1 ESTIMATOR 0. 0.
129.150 1 DESIRED 0. 0.01 0. 0. 0. 50. 0.
129.153 1 ENERGY 0. 0. 0 0.
129.179 1 NAVIGATION 0 2 0. 0. 0. 0. 0 0
129.197 1 GPS 0 0 0 0 0 0 0 0 0 0 1
129.245 1 WP_MOVED 3 360295.09375 4813785. 75. 31
129.430 1 NAVIGATION 0 2 0. 0. 0. 0. 0 0
129.447 1 GPS 0 0 0 0 0 0 0 0 0 0 1
129.452 1 NAVIGATION 0 2 0. 0. 0. 0. 0 0
129.528 1 DOWNLINK_STATUS 24 11770 524 0 469. 20. 3.79
129.545 1 ATTITUDE -0.070837 2.8656 0.005641
129.644 1 ESTIMATOR 0. 0.
129.679 1 NAVIGATION 0 2 0. 0. 0. 0. 0 0
129.697 1 GPS 0 0 0 0 0 0 0 0 0 0 1
129.745 1 WP_MOVED 4 360417.3125 4813734. 75. 31
129.747 1 DL_VALUE 1 0.
129.749 1 DOWNLINK 0 489 2918
129.929 1 NAVIGATION 0 2 0. 0. 0. 0. 0 0
129.932 1 FBW_STATUS 2 0 1 0 0
129.947 1 GPS 0 0 0 0 0 0 0 0 0 0 1
130.045 1 ATTITUDE -0.064887 2.867203 0.08052
130.048 1 BAT 0 0 0 0 1 134 0 0
130.144 1 ESTIMATOR 0. 0.
130.147 1 IMU_GYRO 0.019043 0.227539 -0.062744
130.179 1 NAVIGATION 0 2 0. 0. 0. 0. 0 0
130.197 1 GPS 0 0 0 0 0 0 0 0 0 0 1
130.203 1 DESIRED 0. 0.01 0. 0. 0. 50. 0.
130.245 1 WP_MOVED 5 360422. 4813583.5 75. 31
130.344 1 GPS_SOL 0 0 0 0
130.429 1 NAVIGATION 0 2 0. 0. 0. 0. 0 0
130.447 1 GPS 0 0 0 0 0 0 0 0 0 0 1
130.452 1 NAVIGATION 0 2 0. 0. 0. 0. 0 0
130.529 1 DOWNLINK_STATUS 25 12261 546 0 491. 22. 3.79
130.545 1 ATTITUDE -0.071563 2.854248 0.016727
130.644 1 ESTIMATOR 0. 0.
130.679 1 NAVIGATION 0 2 0. 0. 0. 0. 0 0
130.697 1 GPS 0 0 0 0 0 0 0 0 0 0 1
130.745 1 WP_MOVED 6 360165.8125 4813664.5 75. 31
130.843 1 CALIBRATION 0. 0
130.930 1 NAVIGATION 0 2 0. 0. 0. 0. 0 0
130.947 1 GPS 0 0 0 0 0 0 0 0 0 0 1
131.016 1 PONG 
131.027 1 COMMANDS 0,528,-54,0
131.045 1 ATTITUDE -0.071288 2.852784 0.011677
131.128 1 ACTUATORS 0,1120,1514,1450,1527,1527
131.144 1 ESTIMATOR 0. 0.
131.147 1 BAT 0 0 0 0 1 135 0 0
131.179 1 NAVIGATION 0 2 0. 0. 0. 0. 0 0
131.197 1 GPS 0 0 0 0 0 0 0 0 0 0 1
131.245 1 WP_MOVED 7 360559.40625 4813804.5 75. 31
131.251 1 DESIRED 0. 0.01 0. 0. 0. 50. 0.
131.254 1 IMU_GYRO 0.012695 0.027588 -0.040283
131.256 1 DL_VALUE 2 50.
131.430 1 NAVIGATION 0 2 0. 0. 0. 0. 0 0
131.447 1 GPS 0 0 0 0 0 0 0 0 0 0 1
131.452 1 NAVIGATION 0 2 0. 0. 0. 0. 0 0
131.530 1 DOWNLINK_STATUS 26 12761 569 0 500. 23. 3.81
131.545 1 ATTITUDE -0.070959 2.85128 0.008898
131.644 1 ESTIMATOR 0. 0.
131.647 1 ENERGY 0. 0. 0 0.
131.679 1 NAVIGATION 0 2 0. 0. 0. 0. 0 0
131.697 1 GPS 0 0 0 0 0 0 0 0 0 0 1
131.745 1 WP_MOVED 8 360462.40625 4813640. 30. 31
131.749 1 ALIVE 68,230,201,177,229,211,64,56,73,125,45,2,113,245,219,42
131.844 1 PPRZ_MODE 2 0 0 0 0 6
131.927 1 FBW_STATUS 2 0 1 0 0
131.932 1 NAVIGATION 0 2 0. 0. 0. 0. 0 0
131.947 1 GPS 0 0 0 0 0 0 0 0 0 0 1
132.045 1 ATTITUDE -0.0783 2.872118 -0.013246
132.046 1 STATE_FILTER_STATUS 3 0
132.144 1 ESTIMATOR 0. 0.
132.179 1 NAVIGATION 0 2 0. 0. 0. 0. 0 0
132.197 1 GPS 0 0 0 0 0 0 0 0 0 0 1
132.245 1 WP_MOVED 9 360313.8125 4813652. 0. 31
132.248 1 BAT 0 0 0 0 1 136 0 0
132.251 1 NAVIGATION_REF 360285 4813595 31
132.297 1 DESIRED 0. 0.01 0. 0. 0. 50. 0.
132.345 1 IMU_GYRO 0.012695 0.093506 -0.069092
132.347 1 GPS_SOL 0 0 0 0
132.430 1 NAVIGATION 0 2 0. 0. 0. 0. 0 0
132.447 1 GPS 0 0 0 0 0 0 0 0 0 0 1
132.453 1 NAVIGATION 0 2 0. 0. 0. 0. 0 0
132.531 1 DOWNLINK_STATUS 27 13309 594 0 548. 25. 3.81
132.545 1 ATTITUDE -0.060599 2.855368 -0.008698
132.644 1 ESTIMATOR 0. 0.
132.679 1 NAVIGATION 0 2 0. 0. 0. 0. 0 0
132.697 1 GPS 0 0 0 0 0 0 0 0 0 0 1
132.745 1 WP_MOVED 10 360453.8125 4813581. 75. 31
132.747 1 DL_VALUE 3 0.
132.929 1 NAVIGATION 0 2 0. 0. 0. 0. 0 0
132.947 1 GPS 0 0 0 0 0 0 0 0 0 0 1
132.949 1 CALIBRATION 0. 0
133.044 1 ATTITUDE -0.054934 2.843245 8.8e-05
133.144 1 ESTIMATOR 0. 0.
133.179 1 NAVIGATION 0 2 0. 0. 0. 0. 0 0
133.197 1 GPS 0 0 0 0 0 0 0 0 0 0 1
133.245 1 WP_MOVED 11 360170.5 4813757.5 75. 31
133.347 1 DESIRED 0. 0.01 0. 0. 0. 50. 0.
133.351 1 BAT 0 0 0 0 1 137 0 0
133.430 1 NAVIGATION 0 2 0. 0. 0. 0. 0 0
133.447 1 GPS 0 0 0 0 0 0 0 0 0 0 1
133.452 1 NAVIGATION 0 2 0. 0. 0. 0. 0 0
133.455 1 IMU_GYRO 0.084961 0.140381 -0.070068
133.532 1 DOWNLINK_STATUS 28 13769 614 0 460. 20. 3.81
134.533 1 DOWNLINK_STATUS 29 13769 614 0 0. 0. 3.81
