3.646 1 ATTITUDE 0. 0. 0.
3.647 1 STATE_FILTER_STATUS 2 0
3.698 1 DESIRED 0. 0. 0. 0. 0. 50. 0.
3.745 1 ESTIMATOR 0. 0.
3.780 1 NAVIGATION 0 2 0. 0. 0. 0. 0 0
3.798 1 GPS 0 0 0 0 0 0 0 0 0 0 1
3.846 1 WP_MOVED 1 360285. 4813595. 75. 31
3.848 1 DL_VALUE 4 0.
3.850 1 DOWNLINK 0 493 143
3.946 1 GPS_SOL 0 0 0 0
4.031 1 NAVIGATION 0 2 0. 0. 0. 0. 0 0
4.048 1 GPS 0 0 0 0 0 0 0 0 0 0 1
4.053 1 NAVIGATION 0 2 0. 0. 0. 0. 0 0
4.056 1 BAT 0 0 0 0 1 6 0 0
4.142 1 DOWNLINK_STATUS 4 1980 88 0 537. 25. 0.
4.146 1 ATTITUDE 0. 0. 0.
4.149 1 IMU_GYRO 0.006348 0.016846 -0.033936
4.245 1 ESTIMATOR 0. 0.
4.280 1 NAVIGATION 0 2 0. 0. 0. 0. 0 0
4.298 1 GPS 0 0 0 0 0 0 0 0 0 0 1
4.346 1 WP_MOVED 2 360334.5 4813695. 75. 31
4.348 1 CALIBRATION 0. 0
4.531 1 NAVIGATION 0 2 0. 0. 0. 0. 0 0
4.548 1 GPS 0 0 0 0 0 0 0 0 0 0 1
4.646 1 ATTITUDE 0. 0. 0.
4.745 1 ESTIMATOR 0. 0.
4.751 1 DESIRED 0. 0. 0. 0. 0. 50. 0.
4.753 1 PPRZ_MODE 2 0 0 0 0 6
4.780 1 NAVIGATION 0 2 0. 0. 0. 0. 0 0
4.798 1 GPS 0 0 0 0 0 0 0 0 0 0 1
4.846 1 WP_MOVED 3 360295.09375 4813785. 75. 31
5.031 1 NAVIGATION 0 2 0. 0. 0. 0. 0 0
5.048 1 GPS 0 0 0 0 0 0 0 0 0 0 1
5.053 1 NAVIGATION 0 2 0. 0. 0. 0. 0 0
5.142 1 DOWNLINK_STATUS 5 2421 107 0 441. 19. 0.
5.146 1 ATTITUDE -0.060371 3.141547 -0.006673
5.149 1 BAT 0 0 0 0 1 7 0 0
5.245 1 ESTIMATOR 0. 0.
5.248 1 IMU_GYRO 0.00415 0.019043 -0.034912
5.280 1 NAVIGATION 0 2 0. 0. 0. 0. 0 0
5.298 1 GPS 0 0 0 0 0 0 0 0 0 0 1
5.346 1 WP_MOVED 4 360417.3125 4813734. 75. 31
5.348 1 DL_VALUE 5 0.
5.528 1 FBW_STATUS 2 0 1 0 0
5.533 1 NAVIGATION 0 2 0. 0. 0. 0. 0 0
5.549 1 GPS 0 0 0 0 0 0 0 0 0 0 1
5.646 1 ATTITUDE -0.060233 3.141544 -0.006546
5.745 1 ESTIMATOR 0. 0.
5.748 1 ENERGY 0. 0. 0 0.
5.780 1 NAVIGATION 0 2 0. 0. 0. 0. 0 0
5.798 1 GPS 0 0 0 0 0 0 0 0 0 0 1
5.804 1 DESIRED 0. 0.01 0. 0. 0. 50. 0.
5.846 1 WP_MOVED 5 360422. 4813583.5 75. 31
5.945 1 GPS_SOL 0 0 0 0
6.031 1 NAVIGATION 0 2 0. 0. 0. 0. 0 0
6.048 1 GPS 0 0 0 0 0 0 0 0 0 0 1
6.053 1 NAVIGATION 0 2 0. 0. 0. 0. 0 0
6.143 1 DOWNLINK_STATUS 6 2921 129 0 500. 22. -1.35336275923e+12
6.146 1 ATTITUDE -0.060254 3.141496 -0.006389
6.245 1 ESTIMATOR 0. 0.
6.248 1 BAT 0 0 0 0 1 8 0 0
6.280 1 NAVIGATION 0 2 0. 0. 0. 0. 0 0
6.298 1 GPS 0 0 0 0 0 0 0 0 0 0 1
6.346 1 WP_MOVED 6 360165.8125 4813664.5 75. 31
6.349 1 IMU_GYRO 0.006348 0.016846 -0.034912
6.444 1 CALIBRATION 0. 0
6.531 1 NAVIGATION 0 2 0. 0. 0. 0. 0 0
6.548 1 GPS 0 0 0 0 0 0 0 0 0 0 1
6.646 1 ATTITUDE -0.060157 3.141412 -0.00625
6.745 1 ESTIMATOR 0. 0.
6.780 1 NAVIGATION 0 2 0. 0. 0. 0. 0 0
6.798 1 GPS 0 0 0 0 0 0 0 0 0 0 1
6.846 1 WP_MOVED 7 360559.40625 4813804.5 75. 31
6.852 1 DESIRED 0. 0.01 0. 0. 0. 50. 0.
6.854 1 DL_VALUE 6 100.
7.031 1 NAVIGATION 0 2 0. 0. 0. 0. 0 0
7.048 1 GPS 0 0 0 0 0 0 0 0 0 0 1
7.053 1 NAVIGATION 0 2 0. 0. 0. 0. 0 0
7.143 1 DOWNLINK_STATUS 7 3381 149 0 460. 20. -1.35336275923e+12
7.146 1 ATTITUDE -0.060087 3.14132 -0.006117
7.245 1 ESTIMATOR 0. 0.
7.280 1 NAVIGATION 0 2 0. 0. 0. 0. 0 0
7.298 1 GPS 0 0 0 0 0 0 0 0 0 0 1
7.346 1 WP_MOVED 8 360462.40625 4813640. 30. 31
7.349 1 BAT 0 0 0 0 1 9 0 0
7.445 1 IMU_GYRO 0.006348 0.016846 -0.033936
7.530 1 NAVIGATION 0 2 0. 0. 0. 0. 0 0
7.533 1 FBW_STATUS 2 0 1 0 0
7.548 1 GPS 0 0 0 0 0 0 0 0 0 0 1
7.629 1 COMMANDS 0,444,271,0
7.645 1 ATTITUDE -0.060029 3.141318 -0.006034
7.729 1 ACTUATORS 0,1120,1525,1448,1523,1523
7.745 1 ESTIMATOR 0. 0.
7.780 1 NAVIGATION 0 2 0. 0. 0. 0. 0 0
7.798 1 GPS 0 0 0 0 0 0 0 0 0 0 1
7.846 1 WP_MOVED 9 360313.8125 4813652. 0. 31
7.848 1 NAVIGATION_REF 360285 4813595 31
7.898 1 DESIRED 0. 0.01 0. 0. 0. 50. 0.
7.945 1 GPS_SOL 0 0 0 0
8.031 1 NAVIGATION 0 2 0. 0. 0. 0. 0 0
8.048 1 GPS 0 0 0 0 0 0 0 0 0 0 1
8.053 1 NAVIGATION 0 2 0. 0. 0. 0. 0 0
8.144 1 DOWNLINK_STATUS 8 3899 172 0 518. 23. -1.35336275923e+12
8.145 1 ATTITUDE -0.059974 3.141385 -0.005944
8.245 1 ESTIMATOR 0. 0.
8.248 1 ENERGY 0. 0. 0 0.
8.280 1 NAVIGATION 0 2 0. 0. 0. 0. 0 0
8.298 1 GPS 0 0 0 0 0 0 0 0 0 0 1
8.346 1 WP_MOVED 10 360453.8125 4813581. 75. 31
8.348 1 DL_VALUE 7 2.
8.352 1 ALIVE 68,230,201,177,229,211,64,56,73,125,45,2,113,245,219,42
8.446 1 BAT 0 0 0 0 1 10 0 0
8.448 1 PPRZ_MODE 2 0 0 0 0 6
8.531 1 NAVIGATION 0 2 0. 0. 0. 0. 0 0
8.548 1 GPS 0 0 0 0 0 0 0 0 0 0 1
8.551 1 IMU_GYRO 0.00415 0.015869 -0.033936
8.554 1 CALIBRATION 0. 0
8.645 1 ATTITUDE -0.060005 3.141344 -0.006034
8.647 1 STATE_FILTER_STATUS 3 0
8.745 1 ESTIMATOR 0. 0.
8.780 1 NAVIGATION 0 2 0. 0. 0. 0. 0 0
8.798 1 GPS 0 0 0 0 0 0 0 0 0 0 1
8.846 1 WP_MOVED 11 360170.5 4813757.5 75. 31
8.948 1 DESIRED 0. 0.01 0. 0. 0. 50. 0.
8.950 1 DOWNLINK 0 488 254
9.031 1 NAVIGATION 0 2 0. 0. 0. 0. 0 0
9.048 1 GPS 0 0 0 0 0 0 0 0 0 0 1
9.053 1 NAVIGATION 0 2 0. 0. 0. 0. 0 0
9.144 1 DOWNLINK_STATUS 9 4434 197 0 535. 25. -1.35336275923e+12
9.145 1 ATTITUDE -0.059855 3.141387 -0.005633
9.245 1 ESTIMATOR 0. 0.
9.280 1 NAVIGATION 0 2 0. 0. 0. 0. 0 0
9.298 1 GPS 0 0 0 0 0 0 0 0 0 0 1
9.346 1 WP_MOVED 0 360327. 4813637. 75. 31
9.528 1 FBW_STATUS 2 0 1 0 0
9.532 1 NAVIGATION 0 2 0. 0. 0. 0. 0 0
9.548 1 GPS 0 0 0 0 0 0 0 0 0 0 1
9.552 1 BAT 0 0 0 0 1 12 0 0
9.645 1 ATTITUDE -0.059888 3.141344 -0.005566
9.648 1 IMU_GYRO 0.006348 0.018066 -0.033936
9.745 1 ESTIMATOR 0. 0.
9.780 1 NAVIGATION 0 2 0. 0. 0. 0. 0 0
9.798 1 GPS 0 0 0 0 0 0 0 0 0 0 1
9.846 1 WP_MOVED 1 360285. 4813595. 75. 31
9.848 1 DL_VALUE 8 0.
9.945 1 GPS_SOL 0 0 0 0
9.998 1 DESIRED 0. 0.01 0. 0. 0. 50. 0.
10.031 1 NAVIGATION 0 2 0. 0. 0. 0. 0 0
10.048 1 GPS 0 0 0 0 0 0 0 0 0 0 1
10.053 1 NAVIGATION 0 2 0. 0. 0. 0. 0 0
10.144 1 DOWNLINK_STATUS 10 4914 218 0 480. 21. -1.35336275923e+12
10.145 1 ATTITUDE -0.059903 3.141327 -0.005569
10.245 1 ESTIMATOR 0. 0.
10.280 1 NAVIGATION 0 2 0. 0. 0. 0. 0 0
10.298 1 GPS 0 0 0 0 0 0 0 0 0 0 1
10.346 1 WP_MOVED 2 360334.5 4813695. 75. 31
10.530 1 NAVIGATION 0 2 0. 0. 0. 0. 0 0
10.548 1 GPS 0 0 0 0 0 0 0 0 0 0 1
10.645 1 ATTITUDE -0.059858 3.141268 -0.005524
10.649 1 BAT 0 0 0 0 1 13 0 0
10.651 1 CALIBRATION 0. 0
10.745 1 ESTIMATOR 0. 0.
10.748 1 IMU_GYRO 0.00415 0.016846 -0.033936
10.751 1 ENERGY 0. 0. 0 0.
10.780 1 NAVIGATION 0 2 0. 0. 0. 0. 0 0
10.798 1 GPS 0 0 0 0 0 0 0 0 0 0 1
10.846 1 WP_MOVED 3 360295.09375 4813785. 75. 31
11.030 1 NAVIGATION 0 2 0. 0. 0. 0. 0 0
11.048 1 GPS 0 0 0 0 0 0 0 0 0 0 1
11.052 1 NAVIGATION 0 2 0. 0. 0. 0. 0 0
11.058 1 DESIRED 0. 0.01 0. 0. 0. 50. 0.
11.144 1 DOWNLINK_STATUS 11 5383 238 0 469. 20. -1.35336276423e+12
11.145 1 ATTITUDE -0.060045 3.141269 -0.005508
11.245 1 ESTIMATOR 0. 0.
11.280 1 NAVIGATION 0 2 0. 0. 0. 0. 0 0
11.298 1 GPS 0 0 0 0 0 0 0 0 0 0 1
11.346 1 WP_MOVED 4 360417.3125 4813734. 75. 31
11.348 1 DL_VALUE 9 1.
11.528 1 FBW_STATUS 2 0 1 0 0
11.532 1 NAVIGATION 0 2 0. 0. 0. 0. 0 0
11.548 1 GPS 0 0 0 0 0 0 0 0 0 0 1
11.645 1 ATTITUDE -0.060041 3.141292 -0.00553
11.745 1 ESTIMATOR 0. 0.
11.748 1 BAT 0 0 0 0 1 14 0 0
11.780 1 NAVIGATION 0 2 0. 0. 0. 0. 0 0
11.798 1 GPS 0 0 0 0 0 0 0 0 0 0 1
11.846 1 WP_MOVED 5 360422. 4813583.5 75. 31
11.849 1 IMU_GYRO 0.006348 0.016846 -0.033936
11.945 1 GPS_SOL 0 0 0 0
12.030 1 NAVIGATION 0 2 0. 0. 0. 0. 0 0
12.048 1 GPS 0 0 0 0 0 0 0 0 0 0 1
12.052 1 NAVIGATION 0 2 0. 0. 0. 0. 0 0
12.098 1 DESIRED 0. 0.01 0. 0. 0. 50. 0.
12.144 1 DOWNLINK_STATUS 12 5863 259 0 480. 21. -1.35336276423e+12
12.145 1 ATTITUDE -0.059899 3.141259 -0.005432
12.245 1 ESTIMATOR 0. 0.
12.280 1 NAVIGATION 0 2 0. 0. 0. 0. 0 0
12.298 1 GPS 0 0 0 0 0 0 0 0 0 0 1
12.346 1 WP_MOVED 6 360165.8125 4813664.5 75. 31
12.530 1 NAVIGATION 0 2 0. 0. 0. 0. 0 0
12.548 1 GPS 0 0 0 0 0 0 0 0 0 0 1
12.628 1 COMMANDS 0,443,257,0
12.645 1 ATTITUDE -0.059864 3.141278 -0.005376
12.729 1 ACTUATORS 0,1120,1525,1448,1523,1523
12.744 1 ESTIMATOR 0. 0.
12.746 1 CALIBRATION 0. 0
12.780 1 NAVIGATION 0 2 0. 0. 0. 0. 0 0
12.798 1 GPS 0 0 0 0 0 0 0 0 0 0 1
12.846 1 WP_MOVED 7 360559.40625 4813804.5 75. 31
12.849 1 BAT 0 0 0 0 1 15 0 0
12.851 1 DL_VALUE 10 0.
