4.533 1 GPS 0 0 0 0 0 0 0 0 0 0 1
4.630 1 ATTITUDE -0.036939 -3.021293 -0.013249
4.631 1 STATE_FILTER_STATUS 3 0
4.729 1 ESTIMATOR 0. 0.
4.765 1 NAVIGATION 0 2 0. 0. 0. 0. 0 0
4.783 1 GPS 0 0 0 0 0 0 0 0 0 0 1
4.788 1 DESIRED 0. 0. 0. 0. 0. 50. 0.
4.830 1 WP_MOVED 11 360170.5 4813757.5 75. 31
5.014 1 DOWNLINK_STATUS 5 2413 106 0 493. 22. 0.
5.015 1 NAVIGATION 0 2 0. 0. 0. 0. 0 0
5.033 1 GPS 0 0 0 0 0 0 0 0 0 0 1
5.037 1 NAVIGATION 0 2 0. 0. 0. 0. 0 0
5.041 1 BAT 0 0 0 0 1 281 0 0
5.130 1 ATTITUDE -0.036926 -3.021307 -0.013254
5.133 1 IMU_GYRO 0.006348 0.016846 -0.034912
5.229 1 ESTIMATOR 0. 0.
5.231 1 DOWNLINK 0 483 6097
5.265 1 NAVIGATION 0 2 0. 0. 0. 0. 0 0
5.283 1 GPS 0 0 0 0 0 0 0 0 0 0 1
5.330 1 WP_MOVED 0 360327. 4813637. 75. 31
5.429 1 CALIBRATION 0. 0
5.513 1 FBW_STATUS 2 0 1 0 0
5.517 1 NAVIGATION 0 2 0. 0. 0. 0. 0 0
5.533 1 GPS 0 0 0 0 0 0 0 0 0 0 1
5.630 1 ATTITUDE -0.036959 -3.021333 -0.013181
5.729 1 ESTIMATOR 0. 0.
5.765 1 NAVIGATION 0 2 0. 0. 0. 0. 0 0
5.783 1 GPS 0 0 0 0 0 0 0 0 0 0 1
5.830 1 WP_MOVED 1 360285. 4813595. 75. 31
5.836 1 DESIRED 0. 0. 0. 0. 0. 50. 0.
5.838 1 DL_VALUE 1 0.
5.930 1 GPS_SOL 0 0 0 0
6.014 1 DOWNLINK_STATUS 6 2915 129 0 502. 23. -1.35336306292e+12
6.015 1 NAVIGATION 0 2 0. 0. 0. 0. 0 0
6.033 1 GPS 0 0 0 0 0 0 0 0 0 0 1
6.037 1 NAVIGATION 0 2 0. 0. 0. 0. 0 0
6.130 1 ATTITUDE -0.036994 -3.021419 -0.013105
6.134 1 BAT 0 0 0 0 1 282 0 0
6.229 1 ESTIMATOR 0. 0.
6.233 1 IMU_GYRO 0.00415 0.016846 -0.033936
6.265 1 NAVIGATION 0 2 0. 0. 0. 0. 0 0
6.283 1 GPS 0 0 0 0 0 0 0 0 0 0 1
6.331 1 WP_MOVED 2 360334.5 4813695. 75. 31
6.515 1 NAVIGATION 0 2 0. 0. 0. 0. 0 0
6.533 1 GPS 0 0 0 0 0 0 0 0 0 0 1
6.630 1 ATTITUDE -0.036937 -3.021406 -0.013107
6.730 1 ESTIMATOR 0. 0.
6.733 1 ENERGY 0. 0. 0 0.
6.765 1 NAVIGATION 0 2 0. 0. 0. 0. 0 0
6.783 1 GPS 0 0 0 0 0 0 0 0 0 0 1
6.831 1 WP_MOVED 3 360295.09375 4813785. 75. 31
6.883 1 DESIRED 0. 0. 0. 0. 0. 50. 0.
7.014 1 DOWNLINK_STATUS 7 3373 148 0 458. 19. -1.35336306292e+12
7.015 1 NAVIGATION 0 2 0. 0. 0. 0. 0 0
7.033 1 GPS 0 0 0 0 0 0 0 0 0 0 1
7.037 1 NAVIGATION 0 2 0. 0. 0. 0. 0 0
7.130 1 ATTITUDE -0.036833 -3.021431 -0.013096
7.230 1 ESTIMATOR 0. 0.
7.233 1 BAT 0 0 0 0 1 283 0 0
7.265 1 NAVIGATION 0 2 0. 0. 0. 0. 0 0
7.283 1 GPS 0 0 0 0 0 0 0 0 0 0 1
7.331 1 WP_MOVED 4 360417.3125 4813734. 75. 31
7.334 1 IMU_GYRO 0.006348 0.015869 -0.034912
7.336 1 DL_VALUE 2 50.
7.513 1 FBW_STATUS 2 0 1 0 0
7.518 1 NAVIGATION 0 2 0. 0. 0. 0. 0 0
7.533 1 GPS 0 0 0 0 0 0 0 0 0 0 1
7.535 1 CALIBRATION 0. 0
7.630 1 ATTITUDE -0.036881 -3.021445 -0.013112
7.730 1 ESTIMATOR 0. 0.
7.765 1 NAVIGATION 0 2 0. 0. 0. 0. 0 0
7.783 1 GPS 0 0 0 0 0 0 0 0 0 0 1
7.831 1 WP_MOVED 5 360422. 4813583.5 75. 31
7.933 1 DESIRED 0. 0. 0. 0. 0. 50. 0.
7.936 1 GPS_SOL 0 0 0 0
8.014 1 DOWNLINK_STATUS 8 3864 170 0 491. 22. -1.35336306292e+12
8.016 1 NAVIGATION 0 2 0. 0. 0. 0. 0 0
8.033 1 GPS 0 0 0 0 0 0 0 0 0 0 1
8.038 1 NAVIGATION 0 2 0. 0. 0. 0. 0 0
8.131 1 ATTITUDE -0.036959 -3.021592 -0.013018
8.230 1 ESTIMATOR 0. 0.
8.265 1 NAVIGATION 0 2 0. 0. 0. 0. 0 0
8.283 1 GPS 0 0 0 0 0 0 0 0 0 0 1
8.330 1 WP_MOVED 6 360165.8125 4813664.5 75. 31
8.333 1 BAT 0 0 0 0 1 284 0 0
8.430 1 IMU_GYRO 0.006348 0.016846 -0.033936
8.515 1 NAVIGATION 0 2 0. 0. 0. 0. 0 0
8.532 1 GPS 0 0 0 0 0 0 0 0 0 0 1
8.612 1 COMMANDS 0,273,350,0
8.630 1 ATTITUDE -0.036979 -3.021661 -0.012893
8.713 1 ACTUATORS 0,1120,1528,1445,1514,1514
8.729 1 ESTIMATOR 0. 0.
8.764 1 NAVIGATION 0 2 0. 0. 0. 0. 0 0
8.782 1 GPS 0 0 0 0 0 0 0 0 0 0 1
8.830 1 WP_MOVED 7 360559.40625 4813804.5 75. 31
8.832 1 DL_VALUE 3 0.
8.983 1 DESIRED 0. 0. 0. 0. 0. 50. 0.
9.014 1 DOWNLINK_STATUS 9 4347 191 0 483. 21. -1.35336306292e+12
9.015 1 NAVIGATION 0 2 0. 0. 0. 0. 0 0
9.032 1 GPS 0 0 0 0 0 0 0 0 0 0 1
9.037 1 NAVIGATION 0 2 0. 0. 0. 0. 0 0
9.130 1 ATTITUDE -0.03701 -3.021715 -0.012906
9.229 1 ESTIMATOR 0. 0.
9.233 1 ENERGY 0. 0. 0 0.
9.265 1 NAVIGATION 0 2 0. 0. 0. 0. 0 0
9.282 1 GPS 0 0 0 0 0 0 0 0 0 0 1
9.330 1 WP_MOVED 8 360462.40625 4813640. 30. 31
9.334 1 ALIVE 68,230,201,177,229,211,64,56,73,125,45,2,113,245,219,42
9.430 1 BAT 0 0 0 0 1 285 0 0
9.432 1 PPRZ_MODE 2 0 0 0 0 6
9.512 1 FBW_STATUS 2 0 1 0 0
9.517 1 NAVIGATION 0 2 0. 0. 0. 0. 0 0
9.532 1 GPS 0 0 0 0 0 0 0 0 0 0 1
9.536 1 IMU_GYRO 0.006348 0.015869 -0.034912
9.630 1 ATTITUDE -0.036935 -3.021719 -0.012935
9.632 1 CALIBRATION 0. 0
9.633 1 STATE_FILTER_STATUS 3 0
9.729 1 ESTIMATOR 0. 0.
9.765 1 NAVIGATION 0 2 0. 0. 0. 0. 0 0
9.782 1 GPS 0 0 0 0 0 0 0 0 0 0 1
9.830 1 WP_MOVED 9 360313.8125 4813652. 0. 31
9.930 1 GPS_SOL 0 0 0 0
10.014 1 DOWNLINK_STATUS 10 4857 215 0 510. 24. -1.35336306292e+12
10.015 1 NAVIGATION 0 2 0. 0. 0. 0. 0 0
10.032 1 GPS 0 0 0 0 0 0 0 0 0 0 1
10.037 1 NAVIGATION 0 2 0. 0. 0. 0. 0 0
10.043 1 DESIRED 0. 0. 0. 0. 0. 50. 0.
10.130 1 ATTITUDE -0.036897 -3.021765 -0.012931
10.229 1 ESTIMATOR 0. 0.
10.265 1 NAVIGATION 0 2 0. 0. 0. 0. 0 0
10.283 1 GPS 0 0 0 0 0 0 0 0 0 0 1
10.330 1 WP_MOVED 10 360453.8125 4813581. 75. 31
10.332 1 DL_VALUE 4 0.
10.334 1 DOWNLINK 0 496 6209
10.515 1 NAVIGATION 0 2 0. 0. 0. 0. 0 0
10.533 1 GPS 0 0 0 0 0 0 0 0 0 0 1
10.536 1 BAT 0 0 0 0 1 287 0 0
10.630 1 ATTITUDE -0.036783 -3.021845 -0.013014
10.633 1 IMU_GYRO 0.00415 0.016846 -0.034912
10.729 1 ESTIMATOR 0. 0.
10.765 1 NAVIGATION 0 2 0. 0. 0. 0. 0 0
10.783 1 GPS 0 0 0 0 0 0 0 0 0 0 1
10.830 1 WP_MOVED 11 360170.5 4813757.5 75. 31
11.015 1 NAVIGATION 0 2 0. 0. 0. 0. 0 0
11.015 1 DOWNLINK_STATUS 11 5343 236 0 486. 21. -1.35336306792e+12
11.033 1 GPS 0 0 0 0 0 0 0 0 0 0 1
11.037 1 NAVIGATION 0 2 0. 0. 0. 0. 0 0
11.083 1 DESIRED 0. 0. 0. 0. 0. 50. 0.
11.130 1 ATTITUDE -0.036719 -3.021833 -0.012963
11.229 1 ESTIMATOR 0. 0.
11.265 1 NAVIGATION 0 2 0. 0. 0. 0. 0 0
11.283 1 GPS 0 0 0 0 0 0 0 0 0 0 1
11.330 1 WP_MOVED 0 360327. 4813637. 75. 31
11.513 1 FBW_STATUS 2 0 1 0 0
11.517 1 NAVIGATION 0 2 0. 0. 0. 0. 0 0
11.533 1 GPS 0 0 0 0 0 0 0 0 0 0 1
11.630 1 ATTITUDE -0.036641 -3.02186 -0.012899
11.634 1 BAT 0 0 0 0 1 288 0 0
11.730 1 ESTIMATOR 0. 0.
11.733 1 IMU_GYRO 0.006348 0.015869 -0.034912
11.735 1 CALIBRATION 0. 0
11.738 1 ENERGY 0. 0. 0 0.
11.765 1 NAVIGATION 0 2 0. 0. 0. 0. 0 0
11.783 1 GPS 0 0 0 0 0 0 0 0 0 0 1
11.831 1 WP_MOVED 1 360285. 4813595. 75. 31
11.832 1 DL_VALUE 5 0.
11.930 1 GPS_SOL 0 0 0 0
12.015 1 NAVIGATION 0 2 0. 0. 0. 0. 0 0
12.015 1 DOWNLINK_STATUS 12 5854 259 0 511. 23. -1.35336306792e+12
12.033 1 GPS 0 0 0 0 0 0 0 0 0 0 1
12.037 1 NAVIGATION 0 2 0. 0. 0. 0. 0 0
12.130 1 ATTITUDE -0.036575 -3.021863 -0.012973
12.136 1 DESIRED 0. 0. 0. 0. 0. 50. 0.
12.230 1 ESTIMATOR 0. 0.
12.265 1 NAVIGATION 0 2 0. 0. 0. 0. 0 0
12.283 1 GPS 0 0 0 0 0 0 0 0 0 0 1
12.331 1 WP_MOVED 2 360334.5 4813695. 75. 31
12.515 1 NAVIGATION 0 2 0. 0. 0. 0. 0 0
12.532 1 GPS 0 0 0 0 0 0 0 0 0 0 1
12.629 1 ATTITUDE -0.036636 -3.021936 -0.013002
12.729 1 ESTIMATOR 0. 0.
12.732 1 BAT 0 0 0 0 1 289 0 0
12.764 1 NAVIGATION 0 2 0. 0. 0. 0. 0 0
12.782 1 GPS 0 0 0 0 0 0 0 0 0 0 1
12.830 1 WP_MOVED 3 360295.09375 4813785. 75. 31
12.833 1 IMU_GYRO 0.006348 0.016846 -0.033936
12.836 1 NAVIGATION_REF 360285 4813595 31
13.015 1 NAVIGATION 0 2 0. 0. 0. 0. 0 0
13.015 1 DOWNLINK_STATUS 13 6307 278 0 453. 19. -1.35336306792e+12
13.033 1 GPS 0 0 0 0 0 0 0 0 0 0 1
13.037 1 NAVIGATION 0 2 0. 0. 0. 0. 0 0
13.130 1 ATTITUDE -0.036579 -3.021962 -0.012996
13.182 1 DESIRED 0. 0. 0. 0. 0. 50. 0.
13.229 1 ESTIMATOR 0. 0.
13.264 1 NAVIGATION 0 2 0. 0. 0. 0. 0 0
13.282 1 GPS 0 0 0 0 0 0 0 0 0 0 1
13.330 1 WP_MOVED 4 360417.3125 4813734. 75. 31
13.332 1 DL_VALUE 6 100.
13.512 1 FBW_STATUS 2 0 1 0 0
13.517 1 NAVIGATION 0 2 0. 0. 0. 0. 0 0
13.532 1 GPS 0 0 0 0 0 0 0 0 0 0 1
13.612 1 COMMANDS 0,270,350,0
13.630 1 ATTITUDE -0.03657 -3.02202 -0.012967
13.713 1 ACTUATORS 0,1120,1529,1445,1514,1514
13.729 1 ESTIMATOR 0. 0.
13.764 1 NAVIGATION 0 2 0. 0. 0. 0. 0 0
13.782 1 GPS 0 0 0 0 0 0 0 0 0 0 1
13.830 1 WP_MOVED 5 360422. 4813583.5 75. 31
13.833 1 BAT 0 0 0 0 1 290 0 0
13.835 1 CALIBRATION 0. 0
13.930 1 IMU_GYRO 0.00415 0.015869 -0.034912
13.933 1 GPS_SOL 0 0 0 0
14.015 1 NAVIGATION 0 2 0. 0. 0. 0. 0 0
14.015 1 DOWNLINK_STATUS 14 6832 302 0 525. 24. -1.35336306792e+12
14.032 1 GPS 0 0 0 0 0 0 0 0 0 0 1
14.037 1 NAVIGATION 0 2 0. 0. 0. 0. 0 0
14.130 1 ATTITUDE -0.036685 -3.021959 -0.012919
14.229 1 ESTIMATOR 0. 0.
14.235 1 DESIRED 0. 0. 0. 0. 0. 50. 0.
14.238 1 ENERGY 0. 0. 0 0.
14.264 1 NAVIGATION 0 2 0. 0. 0. 0. 0 0
14.282 1 GPS 0 0 0 0 0 0 0 0 0 0 1
14.330 1 WP_MOVED 6 360165.8125 4813664.5 75. 31
14.334 1 ALIVE 68,230,201,177,229,211,64,56,73,125,45,2,113,245,219,42
14.429 1 PPRZ_MODE 2 0 0 0 0 6
14.515 1 NAVIGATION 0 2 0. 0. 0. 0. 0 0
14.532 1 GPS 0 0 0 0 0 0 0 0 0 0 1
14.630 1 ATTITUDE -0.036581 -3.021954 -0.012941
14.631 1 STATE_FILTER_STATUS 3 0
14.728 1 WIND_INFO 1 42 0. 0. 0.
14.729 1 ESTIMATOR 0. 0.
14.765 1 NAVIGATION 0 2 0. 0. 0. 0. 0 0
14.782 1 GPS 0 0 0 0 0 0 0 0 0 0 1
14.830 1 WP_MOVED 7 360559.40625 4813804.5 75. 31
14.832 1 DL_VALUE 7 2.
14.930 1 BAT 0 0 0 0 1 291 0 0
15.015 1 NAVIGATION 0 2 0. 0. 0. 0. 0 0
15.015 1 DOWNLINK_STATUS 15 7327 324 0 495. 22. -1.35336306792e+12
15.032 1 GPS 0 0 0 0 0 0 0 0 0 0 1
15.037 1 NAVIGATION 0 2 0. 0. 0. 0. 0 0
15.040 1 IMU_GYRO 0.006348 0.015869 -0.033936
15.130 1 ATTITUDE -0.03657 -3.02188 -0.012998
15.229 1 ESTIMATOR 0. 0.
15.265 1 NAVIGATION 0 2 0. 0. 0. 0. 0 0
15.282 1 GPS 0 0 0 0 0 0 0 0 0 0 1
15.288 1 DESIRED 0. 0. 0. 0. 0. 50. 0.
15.330 1 WP_MOVED 8 360462.40625 4813640. 30. 31
15.429 1 DOWNLINK 0 480 6317
15.513 1 FBW_STATUS 2 0 1 0 0
15.517 1 NAVIGATION 0 2 0. 0. 0. 0. 0 0
15.533 1 GPS 0 0 0 0 0 0 0 0 0 0 1
15.633 1 ATTITUDE -0.036526 -3.021924 -0.013013
15.729 1 ESTIMATOR 0. 0.
15.765 1 NAVIGATION 0 2 0. 0. 0. 0. 0 0
15.783 1 GPS 0 0 0 0 0 0 0 0 0 0 1
15.830 1 WP_MOVED 9 360313.8125 4813652. 0. 31
15.932 1 GPS_SOL 0 0 0 0
15.932 1 CALIBRATION 0. 0
16.015 1 NAVIGATION 0 2 0. 0. 0. 0. 0 0
16.015 1 DOWNLINK_STATUS 16 7798 345 0 471. 21. -1.35336307292e+12
16.034 1 GPS 0 0 0 0 0 0 0 0 0 0 1
16.037 1 NAVIGATION 0 2 0. 0. 0. 0. 0 0
16.041 1 BAT 0 0 0 0 1 292 0 0
16.130 1 ATTITUDE -0.036455 -3.021976 -0.013032
16.133 1 IMU_GYRO 0.006348 0.016846 -0.033936
16.229 1 ESTIMATOR 0. 0.
16.265 1 NAVIGATION 0 2 0. 0. 0. 0. 0 0
16.283 1 GPS 0 0 0 0 0 0 0 0 0 0 1
16.330 1 WP_MOVED 10 360453.8125 4813581. 75. 31
16.336 1 DESIRED 0. 0. 0. 0. 0. 50. 0.
16.338 1 DL_VALUE 8 0.
16.514 1 NAVIGATION 0 2 0. 0. 0. 0. 0 0
16.532 1 GPS 0 0 0 0 0 0 0 0 0 0 1
16.629 1 ATTITUDE -0.036385 -3.02198 -0.01304
16.728 1 ESTIMATOR 0. 0.
16.732 1 ENERGY 0. 0. 0 0.
16.764 1 NAVIGATION 0 2 0. 0. 0. 0. 0 0
16.782 1 GPS 0 0 0 0 0 0 0 0 0 0 1
16.830 1 WP_MOVED 11 360170.5 4813757.5 75. 31
17.014 1 NAVIGATION 0 2 0. 0. 0. 0. 0 0
17.016 1 DOWNLINK_STATUS 17 8267 365 0 469. 20. -1.35336307292e+12
17.032 1 GPS 0 0 0 0 0 0 0 0 0 0 1
17.036 1 NAVIGATION 0 2 0. 0. 0. 0. 0 0
17.129 1 ATTITUDE -0.0364 -3.022007 -0.012974
17.133 1 BAT 0 0 0 0 1 293 0 0
17.229 1 ESTIMATOR 0. 0.
17.232 1 IMU_GYRO 0.006348 0.015869 -0.032959
17.264 1 NAVIGATION 0 2 0. 0. 0. 0. 0 0
17.282 1 GPS 0 0 0 0 0 0 0 0 0 0 1
17.330 1 WP_MOVED 0 360327. 4813637. 75. 31
17.382 1 DESIRED 0. 0. 0. 0. 0. 50. 0.
17.512 1 FBW_STATUS 2 0 1 0 0
17.516 1 NAVIGATION 0 2 0. 0. 0. 0. 0 0
17.532 1 GPS 0 0 0 0 0 0 0 0 0 0 1
17.629 1 ATTITUDE -0.036478 -3.022054 -0.012971
17.730 1 ESTIMATOR 0. 0.
17.764 1 NAVIGATION 0 2 0. 0. 0. 0. 0 0
17.782 1 GPS 0 0 0 0 0 0 0 0 0 0 1
17.830 1 WP_MOVED 1 360285. 4813595. 75. 31
17.832 1 DL_VALUE 9 1.
17.929 1 GPS_SOL 0 0 0 0
18.014 1 NAVIGATION 0 2 0. 0. 0. 0. 0 0
18.017 1 DOWNLINK_STATUS 18 8747 386 0 480. 21. -1.35336307292e+12
18.032 1 GPS 0 0 0 0 0 0 0 0 0 0 1
18.037 1 NAVIGATION 0 2 0. 0. 0. 0. 0 0
18.038 1 CALIBRATION 0. 0
18.129 1 ATTITUDE -0.036456 -3.022068 -0.013021
18.229 1 ESTIMATOR 0. 0.
18.232 1 BAT 0 0 0 0 1 294 0 0
18.264 1 NAVIGATION 0 2 0. 0. 0. 0. 0 0
18.282 1 GPS 0 0 0 0 0 0 0 0 0 0 1
18.330 1 WP_MOVED 2 360334.5 4813695. 75. 31
18.333 1 IMU_GYRO 0.006348 0.016846 -0.033936
18.432 1 DESIRED 0. 0. 0. 0. 0. 50. 0.
18.515 1 NAVIGATION 0 2 0. 0. 0. 0. 0 0
18.532 1 GPS 0 0 0 0 0 0 0 0 0 0 1
18.612 1 COMMANDS 0,270,353,0
18.629 1 ATTITUDE -0.036487 -3.0221 -0.013135
18.713 1 ACTUATORS 0,1120,1529,1445,1514,1514
18.729 1 ESTIMATOR 0. 0.
18.764 1 NAVIGATION 0 2 0. 0. 0. 0. 0 0
18.782 1 GPS 0 0 0 0 0 0 0 0 0 0 1
18.830 1 WP_MOVED 3 360295.09375 4813785. 75. 31
19.015 1 NAVIGATION 0 2 0. 0. 0. 0. 0 0
19.018 1 DOWNLINK_STATUS 19 9230 407 0 483. 21. -1.35336307292e+12
19.032 1 GPS 0 0 0 0 0 0 0 0 0 0 1
19.037 1 NAVIGATION 0 2 0. 0. 0. 0. 0 0
19.130 1 ATTITUDE -0.036451 -3.022178 -0.013123
19.229 1 ESTIMATOR 0. 0.
19.232 1 ENERGY 0. 0. 0 0.
19.264 1 NAVIGATION 0 2 0. 0. 0. 0. 0 0
19.282 1 GPS 0 0 0 0 0 0 0 0 0 0 1
19.330 1 WP_MOVED 4 360417.3125 4813734. 75. 31
19.333 1 BAT 0 0 0 0 1 295 0 0
19.335 1 DL_VALUE 10 0.
19.339 1 ALIVE 68,230,201,177,229,211,64,56,73,125,45,2,113,245,219,42
19.430 1 IMU_GYRO 0.00415 0.015869 -0.034912
19.432 1 PPRZ_MODE 2 0 0 0 0 6
19.482 1 DESIRED 0. 0. 0. 0. 0. 50. 0.
19.512 1 FBW_STATUS 2 0 1 0 0
19.517 1 NAVIGATION 0 2 0. 0. 0. 0. 0 0
19.532 1 GPS 0 0 0 0 0 0 0 0 0 0 1
19.630 1 ATTITUDE -0.036382 -3.022188 -0.01301
19.631 1 STATE_FILTER_STATUS 3 0
