23.666 1 GPS 0 0 0 0 0 0 0 0 0 0 1
23.754 1 ATTITUDE 0. 0. 0.
23.755 1 STATE_FILTER_STATUS 2 0
23.806 1 DESIRED 0. 0. 0. 0. 0. 50. 0.
23.853 1 ESTIMATOR 0. 0.
23.888 1 NAVIGATION 0 2 0. 0. 0. 0. 0 0
23.906 1 GPS 0 0 0 0 0 0 0 0 0 0 1
23.954 1 WP_MOVED 1 360285. 4813595. 75. 31
23.956 1 DL_VALUE 4 0.
23.958 1 DOWNLINK 0 493 143
24.054 1 GPS_SOL 0 0 0 0
24.139 1 NAVIGATION 0 2 0. 0. 0. 0. 0 0
24.156 1 GPS 0 0 0 0 0 0 0 0 0 0 1
24.161 1 NAVIGATION 0 2 0. 0. 0. 0. 0 0
24.164 1 BAT 0 0 0 0 1 6 0 0
24.250 1 DOWNLINK_STATUS 4 1980 88 0 537. 25. 0.
24.254 1 ATTITUDE 0. 0. 0.
24.257 1 IMU_GYRO 0.006348 0.016846 -0.033936
24.353 1 ESTIMATOR 0. 0.
24.388 1 NAVIGATION 0 2 0. 0. 0. 0. 0 0
24.406 1 GPS 0 0 0 0 0 0 0 0 0 0 1
24.454 1 WP_MOVED 2 360334.5 4813695. 75. 31
24.456 1 CALIBRATION 0. 0
24.639 1 NAVIGATION 0 2 0. 0. 0. 0. 0 0
24.656 1 GPS 0 0 0 0 0 0 0 0 0 0 1
24.754 1 ATTITUDE 0. 0. 0.
24.853 1 ESTIMATOR 0. 0.
24.859 1 DESIRED 0. 0. 0. 0. 0. 50. 0.
24.861 1 PPRZ_MODE 2 0 0 0 0 6
24.888 1 NAVIGATION 0 2 0. 0. 0. 0. 0 0
24.906 1 GPS 0 0 0 0 0 0 0 0 0 0 1
24.954 1 WP_MOVED 3 360295.09375 4813785. 75. 31
25.139 1 NAVIGATION 0 2 0. 0. 0. 0. 0 0
25.157 1 GPS 0 0 0 0 0 0 0 0 0 0 1
25.161 1 NAVIGATION 0 2 0. 0. 0. 0. 0 0
25.250 1 DOWNLINK_STATUS 5 2421 107 0 441. 19. 0.
25.254 1 ATTITUDE -0.060371 3.141547 -0.006673
25.257 1 BAT 0 0 0 0 1 7 0 0
25.353 1 ESTIMATOR 0. 0.
25.356 1 IMU_GYRO 0.00415 0.019043 -0.034912
25.388 1 NAVIGATION 0 2 0. 0. 0. 0. 0 0
25.406 1 GPS 0 0 0 0 0 0 0 0 0 0 1
25.454 1 WP_MOVED 4 360417.3125 4813734. 75. 31
25.456 1 DL_VALUE 5 0.
25.636 1 FBW_STATUS 2 0 1 0 0
25.641 1 NAVIGATION 0 2 0. 0. 0. 0. 0 0
25.657 1 GPS 0 0 0 0 0 0 0 0 0 0 1
25.754 1 ATTITUDE -0.060233 3.141544 -0.006546
25.853 1 ESTIMATOR 0. 0.
25.856 1 ENERGY 0. 0. 0 0.
25.888 1 NAVIGATION 0 2 0. 0. 0. 0. 0 0
25.906 1 GPS 0 0 0 0 0 0 0 0 0 0 1
25.912 1 DESIRED 0. 0.01 0. 0. 0. 50. 0.
25.954 1 WP_MOVED 5 360422. 4813583.5 75. 31
26.053 1 GPS_SOL 0 0 0 0
26.139 1 NAVIGATION 0 2 0. 0. 0. 0. 0 0
26.156 1 GPS 0 0 0 0 0 0 0 0 0 0 1
26.161 1 NAVIGATION 0 2 0. 0. 0. 0. 0 0
26.251 1 DOWNLINK_STATUS 6 2921 129 0 500. 22. -1.35336275923e+12
26.254 1 ATTITUDE -0.060254 3.141496 -0.006389
26.353 1 ESTIMATOR 0. 0.
26.356 1 BAT 0 0 0 0 1 8 0 0
26.388 1 NAVIGATION 0 2 0. 0. 0. 0. 0 0
26.406 1 GPS 0 0 0 0 0 0 0 0 0 0 1
26.454 1 WP_MOVED 6 360165.8125 4813664.5 75. 31
26.457 1 IMU_GYRO 0.006348 0.016846 -0.034912
26.552 1 CALIBRATION 0. 0
26.639 1 NAVIGATION 0 2 0. 0. 0. 0. 0 0
26.656 1 GPS 0 0 0 0 0 0 0 0 0 0 1
26.754 1 ATTITUDE -0.060157 3.141412 -0.00625
26.853 1 ESTIMATOR 0. 0.
26.888 1 NAVIGATION 0 2 0. 0. 0. 0. 0 0
26.906 1 GPS 0 0 0 0 0 0 0 0 0 0 1
26.954 1 WP_MOVED 7 360559.40625 4813804.5 75. 31
26.960 1 DESIRED 0. 0.01 0. 0. 0. 50. 0.
26.962 1 DL_VALUE 6 100.
27.139 1 NAVIGATION 0 2 0. 0. 0. 0. 0 0
27.156 1 GPS 0 0 0 0 0 0 0 0 0 0 1
27.161 1 NAVIGATION 0 2 0. 0. 0. 0. 0 0
27.251 1 DOWNLINK_STATUS 7 3381 149 0 460. 20. -1.35336275923e+12
27.254 1 ATTITUDE -0.060087 3.14132 -0.006117
27.353 1 ESTIMATOR 0. 0.
27.388 1 NAVIGATION 0 2 0. 0. 0. 0. 0 0
27.406 1 GPS 0 0 0 0 0 0 0 0 0 0 1
27.454 1 WP_MOVED 8 360462.40625 4813640. 30. 31
27.457 1 BAT 0 0 0 0 1 9 0 0
27.553 1 IMU_GYRO 0.006348 0.016846 -0.033936
27.638 1 NAVIGATION 0 2 0. 0. 0. 0. 0 0
27.641 1 FBW_STATUS 2 0 1 0 0
27.656 1 GPS 0 0 0 0 0 0 0 0 0 0 1
27.737 1 COMMANDS 0,444,271,0
27.753 1 ATTITUDE -0.060029 3.141318 -0.006034
27.837 1 ACTUATORS 0,1120,1525,1448,1523,1523
27.853 1 ESTIMATOR 0. 0.
27.888 1 NAVIGATION 0 2 0. 0. 0. 0. 0 0
27.906 1 GPS 0 0 0 0 0 0 0 0 0 0 1
27.954 1 WP_MOVED 9 360313.8125 4813652. 0. 31
27.956 1 NAVIGATION_REF 360285 4813595 31
28.006 1 DESIRED 0. 0.01 0. 0. 0. 50. 0.
28.053 1 GPS_SOL 0 0 0 0
28.139 1 NAVIGATION 0 2 0. 0. 0. 0. 0 0
28.156 1 GPS 0 0 0 0 0 0 0 0 0 0 1
28.161 1 NAVIGATION 0 2 0. 0. 0. 0. 0 0
28.252 1 DOWNLINK_STATUS 8 3899 172 0 518. 23. -1.35336275923e+12
28.253 1 ATTITUDE -0.059974 3.141385 -0.005944
28.353 1 ESTIMATOR 0. 0.
28.356 1 ENERGY 0. 0. 0 0.
28.388 1 NAVIGATION 0 2 0. 0. 0. 0. 0 0
28.406 1 GPS 0 0 0 0 0 0 0 0 0 0 1
28.454 1 WP_MOVED 10 360453.8125 4813581. 75. 31
28.456 1 DL_VALUE 7 2.
28.460 1 ALIVE 68,230,201,177,229,211,64,56,73,125,45,2,113,245,219,42
28.554 1 BAT 0 0 0 0 1 10 0 0
28.556 1 PPRZ_MODE 2 0 0 0 0 6
28.639 1 NAVIGATION 0 2 0. 0. 0. 0. 0 0
28.656 1 GPS 0 0 0 0 0 0 0 0 0 0 1
28.659 1 IMU_GYRO 0.00415 0.015869 -0.033936
28.662 1 CALIBRATION 0. 0
28.753 1 ATTITUDE -0.060005 3.141344 -0.006034
28.755 1 STATE_FILTER_STATUS 3 0
28.853 1 ESTIMATOR 0. 0.
28.888 1 NAVIGATION 0 2 0. 0. 0. 0. 0 0
28.906 1 GPS 0 0 0 0 0 0 0 0 0 0 1
28.954 1 WP_MOVED 11 360170.5 4813757.5 75. 31
29.056 1 DESIRED 0. 0.01 0. 0. 0. 50. 0.
29.058 1 DOWNLINK 0 488 254
29.139 1 NAVIGATION 0 2 0. 0. 0. 0. 0 0
29.156 1 GPS 0 0 0 0 0 0 0 0 0 0 1
29.161 1 NAVIGATION 0 2 0. 0. 0. 0. 0 0
29.252 1 DOWNLINK_STATUS 9 4434 197 0 535. 25. -1.35336275923e+12
29.253 1 ATTITUDE -0.059855 3.141387 -0.005633
29.353 1 ESTIMATOR 0. 0.
29.388 1 NAVIGATION 0 2 0. 0. 0. 0. 0 0
29.406 1 GPS 0 0 0 0 0 0 0 0 0 0 1
29.454 1 WP_MOVED 0 360327. 4813637. 75. 31
29.636 1 FBW_STATUS 2 0 1 0 0
29.640 1 NAVIGATION 0 2 0. 0. 0. 0. 0 0
29.656 1 GPS 0 0 0 0 0 0 0 0 0 0 1
29.660 1 BAT 0 0 0 0 1 12 0 0
29.753 1 ATTITUDE -0.059888 3.141344 -0.005566
29.756 1 IMU_GYRO 0.006348 0.018066 -0.033936
29.853 1 ESTIMATOR 0. 0.
29.888 1 NAVIGATION 0 2 0. 0. 0. 0. 0 0
29.906 1 GPS 0 0 0 0 0 0 0 0 0 0 1
29.954 1 WP_MOVED 1 360285. 4813595. 75. 31
29.956 1 DL_VALUE 8 0.
30.053 1 GPS_SOL 0 0 0 0
30.106 1 DESIRED 0. 0.01 0. 0. 0. 50. 0.
30.139 1 NAVIGATION 0 2 0. 0. 0. 0. 0 0
30.156 1 GPS 0 0 0 0 0 0 0 0 0 0 1
30.161 1 NAVIGATION 0 2 0. 0. 0. 0. 0 0
30.252 1 DOWNLINK_STATUS 10 4914 218 0 480. 21. -1.35336275923e+12
30.253 1 ATTITUDE -0.059903 3.141327 -0.005569
30.353 1 ESTIMATOR 0. 0.
30.388 1 NAVIGATION 0 2 0. 0. 0. 0. 0 0
30.406 1 GPS 0 0 0 0 0 0 0 0 0 0 1
30.454 1 WP_MOVED 2 360334.5 4813695. 75. 31
30.638 1 NAVIGATION 0 2 0. 0. 0. 0. 0 0
30.656 1 GPS 0 0 0 0 0 0 0 0 0 0 1
30.753 1 ATTITUDE -0.059858 3.141268 -0.005524
30.757 1 BAT 0 0 0 0 1 13 0 0
30.759 1 CALIBRATION 0. 0
30.853 1 ESTIMATOR 0. 0.
30.856 1 IMU_GYRO 0.00415 0.016846 -0.033936
30.859 1 ENERGY 0. 0. 0 0.
30.888 1 NAVIGATION 0 2 0. 0. 0. 0. 0 0
30.906 1 GPS 0 0 0 0 0 0 0 0 0 0 1
30.954 1 WP_MOVED 3 360295.09375 4813785. 75. 31
31.138 1 NAVIGATION 0 2 0. 0. 0. 0. 0 0
31.156 1 GPS 0 0 0 0 0 0 0 0 0 0 1
31.160 1 NAVIGATION 0 2 0. 0. 0. 0. 0 0
31.166 1 DESIRED 0. 0.01 0. 0. 0. 50. 0.
31.252 1 DOWNLINK_STATUS 11 5383 238 0 469. 20. -1.35336276423e+12
31.253 1 ATTITUDE -0.060045 3.141269 -0.005508
31.353 1 ESTIMATOR 0. 0.
31.388 1 NAVIGATION 0 2 0. 0. 0. 0. 0 0
31.406 1 GPS 0 0 0 0 0 0 0 0 0 0 1
31.454 1 WP_MOVED 4 360417.3125 4813734. 75. 31
31.456 1 DL_VALUE 9 1.
31.636 1 FBW_STATUS 2 0 1 0 0
31.640 1 NAVIGATION 0 2 0. 0. 0. 0. 0 0
31.656 1 GPS 0 0 0 0 0 0 0 0 0 0 1
31.753 1 ATTITUDE -0.060041 3.141292 -0.00553
31.853 1 ESTIMATOR 0. 0.
31.856 1 BAT 0 0 0 0 1 14 0 0
31.888 1 NAVIGATION 0 2 0. 0. 0. 0. 0 0
31.906 1 GPS 0 0 0 0 0 0 0 0 0 0 1
31.954 1 WP_MOVED 5 360422. 4813583.5 75. 31
31.957 1 IMU_GYRO 0.006348 0.016846 -0.033936
32.053 1 GPS_SOL 0 0 0 0
32.138 1 NAVIGATION 0 2 0. 0. 0. 0. 0 0
32.156 1 GPS 0 0 0 0 0 0 0 0 0 0 1
32.160 1 NAVIGATION 0 2 0. 0. 0. 0. 0 0
32.206 1 DESIRED 0. 0.01 0. 0. 0. 50. 0.
32.252 1 DOWNLINK_STATUS 12 5863 259 0 480. 21. -1.35336276423e+12
32.253 1 ATTITUDE -0.059899 3.141259 -0.005432
32.353 1 ESTIMATOR 0. 0.
32.388 1 NAVIGATION 0 2 0. 0. 0. 0. 0 0
32.406 1 GPS 0 0 0 0 0 0 0 0 0 0 1
32.454 1 WP_MOVED 6 360165.8125 4813664.5 75. 31
32.638 1 NAVIGATION 0 2 0. 0. 0. 0. 0 0
32.656 1 GPS 0 0 0 0 0 0 0 0 0 0 1
32.736 1 COMMANDS 0,443,257,0
32.753 1 ATTITUDE -0.059864 3.141278 -0.005376
32.837 1 ACTUATORS 0,1120,1525,1448,1523,1523
32.852 1 ESTIMATOR 0. 0.
32.854 1 CALIBRATION 0. 0
32.888 1 NAVIGATION 0 2 0. 0. 0. 0. 0 0
32.906 1 GPS 0 0 0 0 0 0 0 0 0 0 1
32.954 1 WP_MOVED 7 360559.40625 4813804.5 75. 31
32.957 1 BAT 0 0 0 0 1 15 0 0
32.959 1 DL_VALUE 10 0.
