2.474 1 GPS 0 0 0 0 0 0 0 0 0 0 1
2.477 1 BAT 0 0 0 0 1 386 0 0
2.569 1 ATTITUDE -0.039073 1.799271 -0.140984
2.573 1 IMU_GYRO 0.006348 0.019043 -0.032959
2.573 1 STATE_FILTER_STATUS 3 0
2.663 1 ESTIMATOR 0. 0.
2.700 1 NAVIGATION 0 2 0. 0. 0. 0. 0 0
2.728 1 GPS 0 0 0 0 0 0 0 0 0 0 1
2.734 1 DESIRED 0. 0. 0. 0. 0. 50. 0.
2.765 1 WP_MOVED 5 360422. 4813583.5 75. 31
2.862 1 GPS_SOL 0 0 0 0
2.951 1 NAVIGATION 0 2 0. 0. 0. 0. 0 0
2.976 1 GPS 0 0 0 0 0 0 0 0 0 0 1
2.981 1 NAVIGATION 0 2 0. 0. 0. 0. 0 0
3.064 1 ATTITUDE -0.038908 1.822224 -0.141225
3.152 1 DOWNLINK_STATUS 3 4810 212 1 544. 25. 0.
3.163 1 ESTIMATOR 0. 0.
3.200 1 NAVIGATION 0 2 0. 0. 0. 0. 0 0
3.219 1 GPS 0 0 0 0 0 0 0 0 0 0 1
3.264 1 WP_MOVED 6 360165.8125 4813664.5 75. 31
3.362 1 CALIBRATION 0. 0
3.450 1 NAVIGATION 0 2 0. 0. 0. 0. 0 0
3.468 1 GPS 0 0 0 0 0 0 0 0 0 0 1
3.567 1 ATTITUDE -0.038949 1.84509 -0.141166
3.571 1 BAT 0 0 0 0 1 387 0 0
3.668 1 ESTIMATOR 0. 0.
3.671 1 IMU_GYRO 0.006348 0.013672 -0.033936
3.701 1 NAVIGATION 0 2 0. 0. 0. 0. 0 0
3.719 1 GPS 0 0 0 0 0 0 0 0 0 0 1
3.773 1 WP_MOVED 7 360559.40625 4813804.5 75. 31
3.779 1 DESIRED 0. 0. 0. 0. 0. 50. 0.
3.781 1 DL_VALUE 5 0.
3.950 1 NAVIGATION 0 2 0. 0. 0. 0. 0 0
3.974 1 GPS 0 0 0 0 0 0 0 0 0 0 1
3.979 1 NAVIGATION 0 2 0. 0. 0. 0. 0 0
4.064 1 ATTITUDE -0.03889 1.867937 -0.141124
4.153 1 DOWNLINK_STATUS 4 5270 232 1 460. 20. 0.
4.161 1 ESTIMATOR 0. 0.
4.199 1 NAVIGATION 0 2 0. 0. 0. 0. 0 0
4.220 1 GPS 0 0 0 0 0 0 0 0 0 0 1
4.264 1 WP_MOVED 8 360462.40625 4813640. 30. 31
4.454 1 NAVIGATION 0 2 0. 0. 0. 0. 0 0
4.457 1 FBW_STATUS 2 0 1 0 0
4.472 1 GPS 0 0 0 0 0 0 0 0 0 0 1
4.563 1 ATTITUDE -0.038934 1.890938 -0.141334
4.671 1 ESTIMATOR 0. 0.
4.675 1 BAT 0 0 0 0 1 388 0 0
4.678 1 ENERGY 0. 0. 0 0.
4.701 1 NAVIGATION 0 2 0. 0. 0. 0. 0 0
4.721 1 GPS 0 0 0 0 0 0 0 0 0 0 1
4.770 1 WP_MOVED 9 360313.8125 4813652. 0. 31
4.773 1 IMU_GYRO 0.006348 0.009521 -0.033936
4.776 1 NAVIGATION_REF 360285 4813595 31
4.819 1 DESIRED 0. 0. 0. 0. 0. 50. 0.
4.863 1 GPS_SOL 0 0 0 0
4.949 1 NAVIGATION 0 2 0. 0. 0. 0. 0 0
4.974 1 GPS 0 0 0 0 0 0 0 0 0 0 1
4.979 1 NAVIGATION 0 2 0. 0. 0. 0. 0 0
5.063 1 ATTITUDE -0.038891 1.913834 -0.141267
5.154 1 DOWNLINK_STATUS 5 5774 254 1 504. 22. 0.
5.161 1 ESTIMATOR 0. 0.
5.200 1 NAVIGATION 0 2 0. 0. 0. 0. 0 0
5.218 1 GPS 0 0 0 0 0 0 0 0 0 0 1
5.268 1 WP_MOVED 10 360453.8125 4813581. 75. 31
5.270 1 DL_VALUE 6 100.
5.272 1 DOWNLINK 0 504 8430
5.451 1 NAVIGATION 0 2 0. 0. 0. 0. 0 0
5.471 1 GPS 0 0 0 0 0 0 0 0 0 0 1
5.473 1 CALIBRATION 0. 0
5.563 1 ATTITUDE -0.038899 1.936741 -0.141244
5.662 1 ESTIMATOR 0. 0.
5.680 1 PONG 
5.700 1 NAVIGATION 0 2 0. 0. 0. 0. 0 0
5.720 1 GPS 0 0 0 0 0 0 0 0 0 0 1
5.768 1 WP_MOVED 11 360170.5 4813757.5 75. 31
5.772 1 BAT 0 0 0 0 1 389 0 0
5.873 1 DESIRED 0. 0. 0. 0. 0. 50. 0.
5.876 1 IMU_GYRO 0.001953 0.026367 -0.033936
5.949 1 NAVIGATION 0 2 0. 0. 0. 0. 0 0
5.974 1 GPS 0 0 0 0 0 0 0 0 0 0 1
5.978 1 NAVIGATION 0 2 0. 0. 0. 0. 0 0
6.064 1 ATTITUDE -0.039019 1.959695 -0.14106
6.155 1 DOWNLINK_STATUS 6 6251 276 1 477. 22. 28.73
6.160 1 ESTIMATOR 0. 0.
6.201 1 NAVIGATION 0 2 0. 0. 0. 0. 0 0
6.218 1 GPS 0 0 0 0 0 0 0 0 0 0 1
6.263 1 WP_MOVED 0 360327. 4813637. 75. 31
6.451 1 FBW_STATUS 2 0 1 0 0
6.456 1 NAVIGATION 0 2 0. 0. 0. 0. 0 0
6.470 1 GPS 0 0 0 0 0 0 0 0 0 0 1
6.546 1 COMMANDS 0,287,2918,0
6.563 1 ATTITUDE -0.038948 1.98267 -0.141168
6.647 1 ACTUATORS 0,1120,1632,1445,1514,1514
6.661 1 ESTIMATOR 0. 0.
6.699 1 NAVIGATION 0 2 0. 0. 0. 0. 0 0
6.719 1 GPS 0 0 0 0 0 0 0 0 0 0 1
6.767 1 WP_MOVED 1 360285. 4813595. 75. 31
6.769 1 DL_VALUE 7 2.
6.868 1 BAT 0 0 0 0 1 390 0 0
6.871 1 GPS_SOL 0 0 0 0
6.920 1 DESIRED 0. 0. 0. 0. 0. 50. 0.
6.951 1 NAVIGATION 0 2 0. 0. 0. 0. 0 0
6.980 1 GPS 0 0 0 0 0 0 0 0 0 0 1
6.984 1 NAVIGATION 0 2 0. 0. 0. 0. 0 0
6.987 1 IMU_GYRO 0.00415 0.023193 -0.033936
7.063 1 ATTITUDE -0.038862 2.00609 -0.141542
7.156 1 DOWNLINK_STATUS 7 6765 299 1 514. 23. 28.73
7.166 1 ESTIMATOR 0. 0.
7.169 1 ENERGY 0. 0. 0 0.
7.201 1 NAVIGATION 0 2 0. 0. 0. 0. 0 0
7.219 1 GPS 0 0 0 0 0 0 0 0 0 0 1
7.269 1 WP_MOVED 2 360334.5 4813695. 75. 31
7.273 1 ALIVE 68,230,201,177,229,211,64,56,73,125,45,2,113,245,219,42
7.361 1 PPRZ_MODE 2 0 0 0 0 6
7.450 1 NAVIGATION 0 2 0. 0. 0. 0. 0 0
7.470 1 GPS 0 0 0 0 0 0 0 0 0 0 1
7.568 1 ATTITUDE -0.038759 2.029115 -0.141507
7.570 1 CALIBRATION 0. 0
7.571 1 STATE_FILTER_STATUS 3 0
7.662 1 ESTIMATOR 0. 0.
7.701 1 NAVIGATION 0 2 0. 0. 0. 0. 0 0
7.719 1 GPS 0 0 0 0 0 0 0 0 0 0 1
7.764 1 WP_MOVED 3 360295.09375 4813785. 75. 31
7.951 1 NAVIGATION 0 2 0. 0. 0. 0. 0 0
7.984 1 GPS 0 0 0 0 0 0 0 0 0 0 1
7.989 1 NAVIGATION 0 2 0. 0. 0. 0. 0 0
7.998 1 DESIRED 0. 0. 0. 0. 0. 50. 0.
8.001 1 BAT 0 0 0 0 1 391 0 0
8.067 1 ATTITUDE -0.038649 2.052014 -0.141616
8.070 1 IMU_GYRO 0.008301 0.008301 -0.033936
8.157 1 DOWNLINK_STATUS 8 7278 322 1 513. 23. 28.73
8.162 1 ESTIMATOR 0. 0.
8.205 1 NAVIGATION 0 2 0. 0. 0. 0. 0 0
8.219 1 GPS 0 0 0 0 0 0 0 0 0 0 1
8.267 1 WP_MOVED 4 360417.3125 4813734. 75. 31
8.269 1 DL_VALUE 8 0.
8.454 1 NAVIGATION 0 2 0. 0. 0. 0. 0 0
8.456 1 FBW_STATUS 2 0 1 0 0
8.472 1 GPS 0 0 0 0 0 0 0 0 0 0 1
8.564 1 ATTITUDE -0.038719 2.074879 -0.141521
8.661 1 ESTIMATOR 0. 0.
8.700 1 NAVIGATION 0 2 0. 0. 0. 0. 0 0
8.721 1 GPS 0 0 0 0 0 0 0 0 0 0 1
8.765 1 WP_MOVED 5 360422. 4813583.5 75. 31
8.863 1 GPS_SOL 0 0 0 0
8.949 1 NAVIGATION 0 2 0. 0. 0. 0. 0 0
8.975 1 GPS 0 0 0 0 0 0 0 0 0 0 1
8.980 1 NAVIGATION 0 2 0. 0. 0. 0. 0 0
9.020 1 DESIRED 0. 0. 0. 0. 0. 50. 0.
9.067 1 ATTITUDE -0.038726 2.097752 -0.141569
9.071 1 BAT 0 0 0 0 1 392 0 0
9.158 1 DOWNLINK_STATUS 9 7740 342 1 462. 20. 28.73
9.166 1 ESTIMATOR 0. 0.
9.169 1 IMU_GYRO 0.00415 0.019043 -0.033936
9.198 1 NAVIGATION 0 2 0. 0. 0. 0. 0 0
9.220 1 GPS 0 0 0 0 0 0 0 0 0 0 1
9.263 1 WP_MOVED 6 360165.8125 4813664.5 75. 31
9.450 1 NAVIGATION 0 2 0. 0. 0. 0. 0 0
9.469 1 GPS 0 0 0 0 0 0 0 0 0 0 1
9.562 1 ATTITUDE -0.038669 2.120641 -0.141505
9.668 1 ESTIMATOR 0. 0.
9.670 1 CALIBRATION 0. 0
9.673 1 ENERGY 0. 0. 0 0.
9.698 1 NAVIGATION 0 2 0. 0. 0. 0. 0 0
9.719 1 GPS 0 0 0 0 0 0 0 0 0 0 1
9.767 1 WP_MOVED 7 360559.40625 4813804.5 75. 31
9.769 1 DL_VALUE 9 1.
9.951 1 NAVIGATION 0 2 0. 0. 0. 0. 0 0
9.974 1 GPS 0 0 0 0 0 0 0 0 0 0 1
9.979 1 NAVIGATION 0 2 0. 0. 0. 0. 0 0
10.070 1 ATTITUDE -0.038671 2.143551 -0.141409
10.076 1 DESIRED 0. 0. 0. 0. 0. 50. 0.
10.158 1 DOWNLINK_STATUS 10 8200 362 1 460. 20. 28.73
10.166 1 ESTIMATOR 0. 0.
10.170 1 BAT 0 0 0 0 1 393 0 0
10.201 1 NAVIGATION 0 2 0. 0. 0. 0. 0 0
10.219 1 GPS 0 0 0 0 0 0 0 0 0 0 1
10.266 1 WP_MOVED 8 360462.40625 4813640. 30. 31
10.270 1 IMU_GYRO 0.008301 0.010498 -0.033936
10.361 1 DOWNLINK 0 480 8539
10.451 1 FBW_STATUS 2 0 1 0 0
10.455 1 NAVIGATION 0 2 0. 0. 0. 0. 0 0
10.470 1 GPS 0 0 0 0 0 0 0 0 0 0 1
10.563 1 ATTITUDE -0.038628 2.16656 -0.141759
10.663 1 ESTIMATOR 0. 0.
10.680 1 PONG 
10.700 1 NAVIGATION 0 2 0. 0. 0. 0. 0 0
10.720 1 GPS 0 0 0 0 0 0 0 0 0 0 1
10.765 1 WP_MOVED 9 360313.8125 4813652. 0. 31
10.863 1 GPS_SOL 0 0 0 0
10.950 1 NAVIGATION 0 2 0. 0. 0. 0. 0 0
10.975 1 GPS 0 0 0 0 0 0 0 0 0 0 1
10.979 1 NAVIGATION 0 2 0. 0. 0. 0. 0 0
11.064 1 ATTITUDE -0.038611 2.189393 -0.141773
11.119 1 DESIRED 0. 0. 0. 0. 0. 50. 0.
11.159 1 DOWNLINK_STATUS 11 8686 384 1 486. 22. 27.76
11.161 1 ESTIMATOR 0. 0.
11.201 1 NAVIGATION 0 2 0. 0. 0. 0. 0 0
11.219 1 GPS 0 0 0 0 0 0 0 0 0 0 1
11.270 1 WP_MOVED 10 360453.8125 4813581. 75. 31
11.274 1 BAT 0 0 0 0 1 394 0 0
11.275 1 DL_VALUE 10 0.
11.362 1 IMU_GYRO 0.006348 0.016846 -0.033936
11.449 1 NAVIGATION 0 2 0. 0. 0. 0. 0 0
11.468 1 GPS 0 0 0 0 0 0 0 0 0 0 1
11.544 1 COMMANDS 0,283,2929,0
11.564 1 ATTITUDE -0.038503 2.212256 -0.141669
11.646 1 ACTUATORS 0,1120,1632,1445,1514,1514
11.663 1 ESTIMATOR 0. 0.
11.699 1 NAVIGATION 0 2 0. 0. 0. 0. 0 0
11.718 1 GPS 0 0 0 0 0 0 0 0 0 0 1
11.767 1 WP_MOVED 11 360170.5 4813757.5 75. 31
11.769 1 CALIBRATION 0. 0
11.949 1 NAVIGATION 0 2 0. 0. 0. 0. 0 0
11.975 1 GPS 0 0 0 0 0 0 0 0 0 0 1
11.979 1 NAVIGATION 0 2 0. 0. 0. 0. 0 0
12.064 1 ATTITUDE -0.038504 2.235265 -0.14168
12.159 1 DOWNLINK_STATUS 12 9146 405 1 460. 21. 27.76
12.172 1 ESTIMATOR 0. 0.
12.178 1 DESIRED 0. 0. 0. 0. 0. 50. 0.
12.182 1 ENERGY 0. 0. 0 0.
12.201 1 NAVIGATION 0 2 0. 0. 0. 0. 0 0
12.219 1 GPS 0 0 0 0 0 0 0 0 0 0 1
12.270 1 WP_MOVED 0 360327. 4813637. 75. 31
12.274 1 ALIVE 68,230,201,177,229,211,64,56,73,125,45,2,113,245,219,42
12.366 1 BAT 0 0 0 0 1 395 0 0
12.368 1 PPRZ_MODE 2 0 0 0 0 6
12.452 1 FBW_STATUS 2 0 1 0 0
12.456 1 NAVIGATION 0 2 0. 0. 0. 0. 0 0
12.473 1 GPS 0 0 0 0 0 0 0 0 0 0 1
12.476 1 IMU_GYRO 0.006348 0.016846 -0.033936
12.565 1 ATTITUDE -0.038535 2.258238 -0.141763
12.567 1 STATE_FILTER_STATUS 3 0
12.661 1 ESTIMATOR 0. 0.
12.671 1 WIND_INFO 1 42 0. 0. 0.
12.703 1 NAVIGATION 0 2 0. 0. 0. 0. 0 0
12.720 1 GPS 0 0 0 0 0 0 0 0 0 0 1
12.767 1 WP_MOVED 1 360285. 4813595. 75. 31
12.769 1 DL_VALUE 0 0.
12.863 1 GPS_SOL 0 0 0 0
12.951 1 NAVIGATION 0 2 0. 0. 0. 0. 0 0
12.975 1 GPS 0 0 0 0 0 0 0 0 0 0 1
12.979 1 NAVIGATION 0 2 0. 0. 0. 0. 0 0
13.063 1 ATTITUDE -0.038693 2.281168 -0.141611
13.160 1 ESTIMATOR 0. 0.
13.161 1 DOWNLINK_STATUS 13 9704 431 1 558. 26. 27.76
13.199 1 NAVIGATION 0 2 0. 0. 0. 0. 0 0
13.225 1 GPS 0 0 0 0 0 0 0 0 0 0 1
13.231 1 DESIRED 0. 0. 0. 0. 0. 50. 0.
13.263 1 WP_MOVED 2 360334.5 4813695. 75. 31
13.450 1 NAVIGATION 0 2 0. 0. 0. 0. 0 0
13.474 1 GPS 0 0 0 0 0 0 0 0 0 0 1
13.477 1 BAT 0 0 0 0 1 397 0 0
13.567 1 ATTITUDE -0.038797 2.304182 -0.141556
13.571 1 IMU_GYRO 0.006348 0.023193 -0.032959
13.662 1 ESTIMATOR 0. 0.
13.700 1 NAVIGATION 0 2 0. 0. 0. 0. 0 0
13.719 1 GPS 0 0 0 0 0 0 0 0 0 0 1
13.767 1 WP_MOVED 3 360295.09375 4813785. 75. 31
13.769 1 NAVIGATION_REF 360285 4813595 31
13.861 1 CALIBRATION 0. 0
13.949 1 NAVIGATION 0 2 0. 0. 0. 0. 0 0
13.975 1 GPS 0 0 0 0 0 0 0 0 0 0 1
13.978 1 NAVIGATION 0 2 0. 0. 0. 0. 0 0
14.064 1 ATTITUDE -0.038712 2.327091 -0.141551
14.160 1 ESTIMATOR 0. 0.
14.161 1 DOWNLINK_STATUS 14 10168 451 1 464. 20. 27.76
14.200 1 NAVIGATION 0 2 0. 0. 0. 0. 0 0
14.218 1 GPS 0 0 0 0 0 0 0 0 0 0 1
14.273 1 WP_MOVED 4 360417.3125 4813734. 75. 31
14.279 1 DESIRED 0. 0. 0. 0. 0. 50. 0.
14.281 1 DL_VALUE 1 0.
14.449 1 FBW_STATUS 2 0 1 0 0
14.453 1 NAVIGATION 0 2 0. 0. 0. 0. 0 0
14.469 1 GPS 0 0 0 0 0 0 0 0 0 0 1
14.567 1 ATTITUDE -0.038814 2.349965 -0.141592
14.571 1 BAT 0 0 0 0 1 398 0 0
14.669 1 ESTIMATOR 0. 0.
14.673 1 IMU_GYRO 0.006348 0.009521 -0.033936
14.676 1 ENERGY 0. 0. 0 0.
14.698 1 NAVIGATION 0 2 0. 0. 0. 0. 0 0
14.718 1 GPS 0 0 0 0 0 0 0 0 0 0 1
14.765 1 WP_MOVED 5 360422. 4813583.5 75. 31
14.862 1 GPS_SOL 0 0 0 0
14.949 1 NAVIGATION 0 2 0. 0. 0. 0. 0 0
14.976 1 GPS 0 0 0 0 0 0 0 0 0 0 1
14.979 1 NAVIGATION 0 2 0. 0. 0. 0. 0 0
15.062 1 ATTITUDE -0.038841 2.372972 -0.141751
15.161 1 ESTIMATOR 0. 0.
15.162 1 DOWNLINK_STATUS 15 10668 473 1 500. 22. 27.76
15.199 1 NAVIGATION 0 2 0. 0. 0. 0. 0 0
15.218 1 GPS 0 0 0 0 0 0 0 0 0 0 1
15.263 1 WP_MOVED 6 360165.8125 4813664.5 75. 31
15.319 1 DESIRED 0. 0. 0. 0. 0. 50. 0.
15.448 1 NAVIGATION 0 2 0. 0. 0. 0. 0 0
15.472 1 GPS 0 0 0 0 0 0 0 0 0 0 1
15.474 1 DOWNLINK 0 491 8650
15.564 1 ATTITUDE -0.038807 2.395923 -0.141665
15.666 1 ESTIMATOR 0. 0.
15.670 1 BAT 0 0 0 0 1 399 0 0
15.686 1 PONG 
15.705 1 NAVIGATION 0 2 0. 0. 0. 0. 0 0
15.721 1 GPS 0 0 0 0 0 0 0 0 0 0 1
15.770 1 WP_MOVED 7 360559.40625 4813804.5 75. 31
15.773 1 IMU_GYRO 0.006348 0.015869 -0.033936
15.775 1 DL_VALUE 2 50.
15.949 1 NAVIGATION 0 2 0. 0. 0. 0. 0 0
15.977 1 GPS 0 0 0 0 0 0 0 0 0 0 1
15.980 1 NAVIGATION 0 2 0. 0. 0. 0. 0 0
15.982 1 CALIBRATION 0. 0
16.062 1 ATTITUDE -0.038645 2.418935 -0.141721
16.160 1 ESTIMATOR 0. 0.
16.163 1 DOWNLINK_STATUS 16 11145 495 1 477. 22. 32.74
16.199 1 NAVIGATION 0 2 0. 0. 0. 0. 0 0
16.218 1 GPS 0 0 0 0 0 0 0 0 0 0 1
16.264 1 WP_MOVED 8 360462.40625 4813640. 30. 31
16.370 1 DESIRED 0. 0. 0. 0. 0. 50. 0.
16.450 1 FBW_STATUS 2 0 1 0 0
16.455 1 NAVIGATION 0 2 0. 0. 0. 0. 0 0
16.471 1 GPS 0 0 0 0 0 0 0 0 0 0 1
16.544 1 COMMANDS 0,284,2930,0
16.564 1 ATTITUDE -0.038598 2.441882 -0.141723
16.647 1 ACTUATORS 0,1120,1632,1445,1514,1514
16.661 1 ESTIMATOR 0. 0.
16.698 1 NAVIGATION 0 2 0. 0. 0. 0. 0 0
16.720 1 GPS 0 0 0 0 0 0 0 0 0 0 1
16.769 1 WP_MOVED 9 360313.8125 4813652. 0. 31
16.772 1 BAT 0 0 0 0 1 400 0 0
16.867 1 IMU_GYRO 0.00415 0.022217 -0.033936
16.870 1 GPS_SOL 0 0 0 0
16.951 1 NAVIGATION 0 2 0. 0. 0. 0. 0 0
16.973 1 GPS 0 0 0 0 0 0 0 0 0 0 1
16.979 1 NAVIGATION 0 2 0. 0. 0. 0. 0 0
17.061 1 ATTITUDE -0.038474 2.464858 -0.14169
17.164 1 DOWNLINK_STATUS 17 11634 516 1 489. 21. 32.74
17.166 1 ESTIMATOR 0. 0.
17.169 1 ENERGY 0. 0. 0 0.
17.199 1 NAVIGATION 0 2 0. 0. 0. 0. 0 0
17.219 1 GPS 0 0 0 0 0 0 0 0 0 0 1
17.270 1 WP_MOVED 10 360453.8125 4813581. 75. 31
17.271 1 DL_VALUE 3 0.
17.275 1 ALIVE 68,230,201,177,229,211,64,56,73,125,45,2,113,245,219,42
17.359 1 PPRZ_MODE 2 0 0 0 0 6
17.418 1 DESIRED 0. 0. 0. 0. 0. 50. 0.
17.449 1 NAVIGATION 0 2 0. 0. 0. 0. 0 0
17.467 1 GPS 0 0 0 0 0 0 0 0 0 0 1
17.564 1 ATTITUDE -0.03852 2.487817 -0.141611
17.566 1 STATE_FILTER_STATUS 3 0
17.661 1 ESTIMATOR 0. 0.
17.698 1 NAVIGATION 0 2 0. 0. 0. 0. 0 0
17.718 1 GPS 0 0 0 0 0 0 0 0 0 0 1
17.762 1 WP_MOVED 11 360170.5 4813757.5 75. 31
17.863 1 BAT 0 0 0 0 1 401 0 0
17.950 1 NAVIGATION 0 2 0. 0. 0. 0. 0 0
17.981 1 GPS 0 0 0 0 0 0 0 0 0 0 1
17.983 1 NAVIGATION 0 2 0. 0. 0. 0. 0 0
17.986 1 IMU_GYRO 0.00415 0.02002 -0.032959
18.066 1 ATTITUDE -0.038619 2.51086 -0.141514
18.068 1 CALIBRATION 0. 0
18.162 1 ESTIMATOR 0. 0.
18.164 1 DOWNLINK_STATUS 18 12172 541 1 538. 25. 32.74
18.200 1 NAVIGATION 0 2 0. 0. 0. 0. 0 0
18.218 1 GPS 0 0 0 0 0 0 0 0 0 0 1
18.263 1 WP_MOVED 0 360327. 4813637. 75. 31
18.449 1 FBW_STATUS 2 0 1 0 0
18.453 1 NAVIGATION 0 2 0. 0. 0. 0. 0 0
18.476 1 GPS 0 0 0 0 0 0 0 0 0 0 1
18.482 1 DESIRED 0. 0. 0. 0. 0. 50. 0.
18.562 1 ATTITUDE -0.038621 2.533888 -0.141499
18.660 1 ESTIMATOR 0. 0.
18.697 1 NAVIGATION 0 2 0. 0. 0. 0. 0 0
18.720 1 GPS 0 0 0 0 0 0 0 0 0 0 1
18.767 1 WP_MOVED 1 360285. 4813595. 75. 31
18.769 1 DL_VALUE 4 0.
18.861 1 GPS_SOL 0 0 0 0
18.949 1 NAVIGATION 0 2 0. 0. 0. 0. 0 0
18.977 1 GPS 0 0 0 0 0 0 0 0 0 0 1
18.983 1 NAVIGATION 0 2 0. 0. 0. 0. 0 0
18.985 1 BAT 0 0 0 0 1 402 0 0
19.068 1 ATTITUDE -0.038494 2.556854 -0.141488
19.071 1 IMU_GYRO 0.006348 0.014893 -0.033936
19.162 1 ESTIMATOR 0. 0.
19.165 1 DOWNLINK_STATUS 19 12652 562 1 480. 21. 32.74
19.199 1 NAVIGATION 0 2 0. 0. 0. 0. 0 0
19.219 1 GPS 0 0 0 0 0 0 0 0 0 0 1
19.263 1 WP_MOVED 2 360334.5 4813695. 75. 31
19.451 1 NAVIGATION 0 2 0. 0. 0. 0. 0 0
19.467 1 GPS 0 0 0 0 0 0 0 0 0 0 1
19.520 1 DESIRED 0. 0. 0. 0. 0. 50. 0.
19.562 1 ATTITUDE -0.038585 2.579851 -0.141427
19.666 1 ESTIMATOR 0. 0.
19.670 1 ENERGY 0. 0. 0 0.
19.699 1 NAVIGATION 0 2 0. 0. 0. 0. 0 0
19.717 1 GPS 0 0 0 0 0 0 0 0 0 0 1
19.762 1 WP_MOVED 3 360295.09375 4813785. 75. 31
19.950 1 NAVIGATION 0 2 0. 0. 0. 0. 0 0
19.975 1 GPS 0 0 0 0 0 0 0 0 0 0 1
19.979 1 NAVIGATION 0 2 0. 0. 0. 0. 0 0
20.065 1 ATTITUDE -0.038631 2.60281 -0.141459
20.069 1 BAT 0 0 0 0 1 403 0 0
20.166 1 DOWNLINK_STATUS 20 13078 579 1 426. 17. 32.74
20.168 1 ESTIMATOR 0. 0.
20.171 1 IMU_GYRO 0.006348 0.016846 -0.033936
20.173 1 CALIBRATION 0. 0
20.200 1 NAVIGATION 0 2 0. 0. 0. 0. 0 0
20.219 1 GPS 0 0 0 0 0 0 0 0 0 0 1
20.267 1 WP_MOVED 4 360417.3125 4813734. 75. 31
20.269 1 DL_VALUE 5 0.
20.450 1 FBW_STATUS 2 0 1 0 0
20.454 1 NAVIGATION 0 2 0. 0. 0. 0. 0 0
20.470 1 GPS 0 0 0 0 0 0 0 0 0 0 1
20.573 1 ATTITUDE -0.038662 2.625782 -0.141603
20.579 1 DESIRED 0. 0. 0. 0. 0. 50. 0.
20.581 1 DOWNLINK 0 0 8762
20.661 1 ESTIMATOR 0. 0.
20.686 1 PONG 
20.706 1 NAVIGATION 0 2 0. 0. 0. 0. 0 0
20.722 1 GPS 0 0 0 0 0 0 0 0 0 0 1
20.763 1 WP_MOVED 5 360422. 4813583.5 75. 31
20.862 1 GPS_SOL 0 0 0 0
20.949 1 NAVIGATION 0 2 0. 0. 0. 0. 0 0
20.972 1 GPS 0 0 0 0 0 0 0 0 0 0 1
20.976 1 NAVIGATION 0 2 0. 0. 0. 0. 0 0
21.062 1 ATTITUDE -0.038645 2.649265 -0.141507
21.165 1 ESTIMATOR 0. 0.
21.166 1 DOWNLINK_STATUS 21 13580 603 1 502. 24. 31.84
21.169 1 BAT 0 0 0 0 1 404 0 0
21.198 1 NAVIGATION 0 2 0. 0. 0. 0. 0 0
21.217 1 GPS 0 0 0 0 0 0 0 0 0 0 1
21.267 1 WP_MOVED 6 360165.8125 4813664.5 75. 31
21.271 1 IMU_GYRO 0.006348 0.010498 -0.032959
21.449 1 NAVIGATION 0 2 0. 0. 0. 0. 0 0
21.469 1 GPS 0 0 0 0 0 0 0 0 0 0 1
21.545 1 COMMANDS 0,285,2926,0
21.563 1 ATTITUDE -0.038703 2.672267 -0.141515
21.619 1 DESIRED 0. 0. 0. 0. 0. 50. 0.
21.645 1 ACTUATORS 0,1120,1632,1445,1514,1514
21.660 1 ESTIMATOR 0. 0.
21.698 1 NAVIGATION 0 2 0. 0. 0. 0. 0 0
21.717 1 GPS 0 0 0 0 0 0 0 0 0 0 1
21.764 1 WP_MOVED 7 360559.40625 4813804.5 75. 31
21.766 1 DL_VALUE 6 100.
21.949 1 NAVIGATION 0 2 0. 0. 0. 0. 0 0
21.973 1 GPS 0 0 0 0 0 0 0 0 0 0 1
21.977 1 NAVIGATION 0 2 0. 0. 0. 0. 0 0
22.062 1 ATTITUDE -0.038599 2.695203 -0.141429
22.166 1 ESTIMATOR 0. 0.
22.166 1 DOWNLINK_STATUS 22 14063 624 1 483. 21. 31.84
22.169 1 ENERGY 0. 0. 0 0.
22.200 1 NAVIGATION 0 2 0. 0. 0. 0. 0 0
22.218 1 GPS 0 0 0 0 0 0 0 0 0 0 1
22.273 1 WP_MOVED 8 360462.40625 4813640. 30. 31
22.276 1 BAT 0 0 0 0 1 405 0 0
22.278 1 CALIBRATION 0. 0
22.282 1 ALIVE 68,230,201,177,229,211,64,56,73,125,45,2,113,245,219,42
22.365 1 IMU_GYRO 0.00415 0.022217 -0.033936
22.367 1 PPRZ_MODE 2 0 0 0 0 6
22.451 1 FBW_STATUS 2 0 1 0 0
22.455 1 NAVIGATION 0 2 0. 0. 0. 0. 0 0
22.468 1 GPS 0 0 0 0 0 0 0 0 0 0 1
22.563 1 ATTITUDE -0.038551 2.718218 -0.141474
22.565 1 STATE_FILTER_STATUS 3 0
22.667 1 ESTIMATOR 0. 0.
22.671 1 WIND_INFO 1 42 0. 0. 0.
22.672 1 DESIRED 0. 0. 0. 0. 0. 50. 0.
22.700 1 NAVIGATION 0 2 0. 0. 0. 0. 0 0
22.718 1 GPS 0 0 0 0 0 0 0 0 0 0 1
22.766 1 WP_MOVED 9 360313.8125 4813652. 0. 31
22.769 1 NAVIGATION_REF 360285 4813595 31
22.862 1 GPS_SOL 0 0 0 0
22.950 1 NAVIGATION 0 2 0. 0. 0. 0. 0 0
22.972 1 GPS 0 0 0 0 0 0 0 0 0 0 1
22.977 1 NAVIGATION 0 2 0. 0. 0. 0. 0 0
23.062 1 ATTITUDE -0.038533 2.741197 -0.141557
23.161 1 ESTIMATOR 0. 0.
23.166 1 DOWNLINK_STATUS 23 14622 650 1 559. 26. 31.84
23.199 1 NAVIGATION 0 2 0. 0. 0. 0. 0 0
23.217 1 GPS 0 0 0 0 0 0 0 0 0 0 1
23.265 1 WP_MOVED 10 360453.8125 4813581. 75. 31
23.267 1 DL_VALUE 7 2.
23.363 1 BAT 0 0 0 0 1 406 0 0
23.450 1 NAVIGATION 0 2 0. 0. 0. 0. 0 0
23.472 1 GPS 0 0 0 0 0 0 0 0 0 0 1
23.475 1 IMU_GYRO 0.00415 0.012695 -0.032959
23.562 1 ATTITUDE -0.038477 2.764185 -0.141585
23.661 1 ESTIMATOR 0. 0.
23.699 1 NAVIGATION 0 2 0. 0. 0. 0. 0 0
23.724 1 GPS 0 0 0 0 0 0 0 0 0 0 1
23.730 1 DESIRED 0. 0. 0. 0. 0. 50. 0.
23.764 1 WP_MOVED 11 360170.5 4813757.5 75. 31
23.950 1 NAVIGATION 0 2 0. 0. 0. 0. 0 0
23.974 1 GPS 0 0 0 0 0 0 0 0 0 0 1
23.978 1 NAVIGATION 0 2 0. 0. 0. 0. 0 0
24.064 1 ATTITUDE -0.038393 2.787197 -0.141622
24.161 1 ESTIMATOR 0. 0.
24.167 1 DOWNLINK_STATUS 24 15071 669 1 449. 19. 31.84
24.198 1 NAVIGATION 0 2 0. 0. 0. 0. 0 0
24.219 1 GPS 0 0 0 0 0 0 0 0 0 0 1
24.263 1 WP_MOVED 0 360327. 4813637. 75. 31
24.360 1 CALIBRATION 0. 0
24.450 1 FBW_STATUS 2 0 1 0 0
24.455 1 NAVIGATION 0 2 0. 0. 0. 0. 0 0
24.473 1 GPS 0 0 0 0 0 0 0 0 0 0 1
24.476 1 BAT 0 0 0 0 1 408 0 0
24.566 1 ATTITUDE -0.038295 2.810243 -0.141646
24.569 1 IMU_GYRO 0.008301 0.008301 -0.033936
24.667 1 ESTIMATOR 0. 0.
24.670 1 ENERGY 0. 0. 0 0.
24.698 1 NAVIGATION 0 2 0. 0. 0. 0. 0 0
24.718 1 GPS 0 0 0 0 0 0 0 0 0 0 1
24.774 1 WP_MOVED 1 360285. 4813595. 75. 31
24.780 1 DESIRED 0. 0. 0. 0. 0. 50. 0.
24.782 1 DL_VALUE 8 0.
24.863 1 GPS_SOL 0 0 0 0
24.950 1 NAVIGATION 0 2 0. 0. 0. 0. 0 0
24.973 1 GPS 0 0 0 0 0 0 0 0 0 0 1
24.978 1 NAVIGATION 0 2 0. 0. 0. 0. 0 0
25.061 1 ATTITUDE -0.038301 2.833409 -0.141939
25.161 1 ESTIMATOR 0. 0.
25.168 1 DOWNLINK_STATUS 25 15582 692 1 511. 23. 31.84
25.197 1 NAVIGATION 0 2 0. 0. 0. 0. 0 0
25.218 1 GPS 0 0 0 0 0 0 0 0 0 0 1
25.263 1 WP_MOVED 2 360334.5 4813695. 75. 31
25.450 1 NAVIGATION 0 2 0. 0. 0. 0. 0 0
25.466 1 GPS 0 0 0 0 0 0 0 0 0 0 1
25.567 1 ATTITUDE -0.038363 2.85644 -0.141408
25.571 1 BAT 0 0 0 0 1 409 0 0
25.667 1 ESTIMATOR 0. 0.
25.670 1 IMU_GYRO 0.006348 0.016846 -0.034912
25.672 1 DOWNLINK 0 481 8872
25.681 1 PONG 
25.698 1 NAVIGATION 0 2 0. 0. 0. 0. 0 0
25.716 1 GPS 0 0 0 0 0 0 0 0 0 0 1
25.761 1 WP_MOVED 3 360295.09375 4813785. 75. 31
25.819 1 DESIRED 0. 0. 0. 0. 0. 50. 0.
25.948 1 NAVIGATION 0 2 0. 0. 0. 0. 0 0
25.973 1 GPS 0 0 0 0 0 0 0 0 0 0 1
25.978 1 NAVIGATION 0 2 0. 0. 0. 0. 0 0
26.063 1 ATTITUDE -0.038441 2.87948 -0.141503
26.160 1 ESTIMATOR 0. 0.
26.169 1 DOWNLINK_STATUS 26 16037 712 1 455. 20. 25.8
26.200 1 NAVIGATION 0 2 0. 0. 0. 0. 0 0
26.219 1 GPS 0 0 0 0 0 0 0 0 0 0 1
26.266 1 WP_MOVED 4 360417.3125 4813734. 75. 31
26.268 1 DL_VALUE 9 1.
26.450 1 FBW_STATUS 2 0 1 0 0
26.455 1 NAVIGATION 0 2 0. 0. 0. 0. 0 0
26.469 1 GPS 0 0 0 0 0 0 0 0 0 0 1
26.471 1 CALIBRATION 0. 0
26.544 1 COMMANDS 0,283,2925,0
26.563 1 ATTITUDE -0.038586 2.90256 -0.141473
26.645 1 ACTUATORS 0,1120,1632,1445,1514,1514
26.664 1 ESTIMATOR 0. 0.
26.667 1 BAT 0 0 0 0 1 410 0 0
26.698 1 NAVIGATION 0 2 0. 0. 0. 0. 0 0
26.718 1 GPS 0 0 0 0 0 0 0 0 0 0 1
26.767 1 WP_MOVED 5 360422. 4813583.5 75. 31
26.771 1 IMU_GYRO 0.006348 0.019043 -0.033936
26.871 1 DESIRED 0. 0. 0. 0. 0. 50. 0.
26.874 1 GPS_SOL 0 0 0 0
26.949 1 NAVIGATION 0 2 0. 0. 0. 0. 0 0
26.972 1 GPS 0 0 0 0 0 0 0 0 0 0 1
26.976 1 NAVIGATION 0 2 0. 0. 0. 0. 0 0
27.062 1 ATTITUDE -0.038588 2.925562 -0.14126
27.165 1 ESTIMATOR 0. 0.
27.169 1 ENERGY 0. 0. 0 0.
27.170 1 DOWNLINK_STATUS 27 16582 737 1 545. 25. 25.8
27.200 1 NAVIGATION 0 2 0. 0. 0. 0. 0 0
27.221 1 GPS 0 0 0 0 0 0 0 0 0 0 1
27.266 1 WP_MOVED 6 360165.8125 4813664.5 75. 31
27.270 1 ALIVE 68,230,201,177,229,211,64,56,73,125,45,2,113,245,219,42
27.361 1 PPRZ_MODE 2 0 0 0 0 6
27.449 1 NAVIGATION 0 2 0. 0. 0. 0. 0 0
27.467 1 GPS 0 0 0 0 0 0 0 0 0 0 1
27.564 1 ATTITUDE -0.038578 2.94861 -0.141538
27.565 1 STATE_FILTER_STATUS 3 0
27.661 1 ESTIMATOR 0. 0.
27.699 1 NAVIGATION 0 2 0. 0. 0. 0. 0 0
27.717 1 GPS 0 0 0 0 0 0 0 0 0 0 1
27.769 1 WP_MOVED 7 360559.40625 4813804.5 75. 31
27.772 1 BAT 0 0 0 0 1 411 0 0
27.774 1 DL_VALUE 10 0.
27.863 1 IMU_GYRO 0.006348 0.006348 -0.033936
27.917 1 DESIRED 0. 0. 0. 0. 0. 50. 0.
27.948 1 NAVIGATION 0 2 0. 0. 0. 0. 0 0
27.974 1 GPS 0 0 0 0 0 0 0 0 0 0 1
27.979 1 NAVIGATION 0 2 0. 0. 0. 0. 0 0
28.064 1 ATTITUDE -0.038638 2.971688 -0.141482
28.160 1 ESTIMATOR 0. 0.
28.171 1 DOWNLINK_STATUS 28 17075 759 1 493. 22. 25.8
28.199 1 NAVIGATION 0 2 0. 0. 0. 0. 0 0
28.219 1 GPS 0 0 0 0 0 0 0 0 0 0 1
28.262 1 WP_MOVED 8 360462.40625 4813640. 30. 31
28.451 1 NAVIGATION 0 2 0. 0. 0. 0. 0 0
28.454 1 FBW_STATUS 2 0 1 0 0
28.469 1 GPS 0 0 0 0 0 0 0 0 0 0 1
28.565 1 ATTITUDE -0.038666 2.994744 -0.141356
28.567 1 CALIBRATION 0. 0
28.661 1 ESTIMATOR 0. 0.
28.698 1 NAVIGATION 0 2 0. 0. 0. 0. 0 0
28.719 1 GPS 0 0 0 0 0 0 0 0 0 0 1
28.764 1 WP_MOVED 9 360313.8125 4813652. 0. 31
28.866 1 BAT 0 0 0 0 1 412 0 0
28.869 1 GPS_SOL 0 0 0 0
28.950 1 NAVIGATION 0 2 0. 0. 0. 0. 0 0
28.983 1 GPS 0 0 0 0 0 0 0 0 0 0 1
28.988 1 NAVIGATION 0 2 0. 0. 0. 0. 0 0
28.996 1 DESIRED 0. 0. 0. 0. 0. 50. 0.
28.999 1 IMU_GYRO 0.006348 0.022217 -0.032959
29.061 1 ATTITUDE -0.038652 3.017748 -0.141447
29.161 1 ESTIMATOR 0. 0.
29.172 1 DOWNLINK_STATUS 29 17555 780 1 480. 21. 25.8
29.199 1 NAVIGATION 0 2 0. 0. 0. 0. 0 0
29.219 1 GPS 0 0 0 0 0 0 0 0 0 0 1
29.266 1 WP_MOVED 10 360453.8125 4813581. 75. 31
29.268 1 DL_VALUE 0 0.
29.449 1 NAVIGATION 0 2 0. 0. 0. 0. 0 0
29.467 1 GPS 0 0 0 0 0 0 0 0 0 0 1
29.561 1 ATTITUDE -0.038809 3.040717 -0.14143
29.664 1 ESTIMATOR 0. 0.
29.668 1 ENERGY 0. 0. 0 0.
29.699 1 NAVIGATION 0 2 0. 0. 0. 0. 0 0
29.717 1 GPS 0 0 0 0 0 0 0 0 0 0 1
29.761 1 WP_MOVED 11 360170.5 4813757.5 75. 31
29.949 1 NAVIGATION 0 2 0. 0. 0. 0. 0 0
29.978 1 GPS 0 0 0 0 0 0 0 0 0 0 1
29.982 1 NAVIGATION 0 2 0. 0. 0. 0. 0 0
29.986 1 BAT 0 0 0 0 1 413 0 0
30.018 1 DESIRED 0. 0. 0. 0. 0. 50. 0.
30.065 1 ATTITUDE -0.038813 3.063703 -0.141519
30.068 1 IMU_GYRO 0.006348 0.010498 -0.033936
30.160 1 ESTIMATOR 0. 0.
30.173 1 DOWNLINK_STATUS 30 18024 800 1 469. 20. 25.8
30.199 1 NAVIGATION 0 2 0. 0. 0. 0. 0 0
30.217 1 GPS 0 0 0 0 0 0 0 0 0 0 1
30.262 1 WP_MOVED 0 360327. 4813637. 75. 31
30.451 1 NAVIGATION 0 2 0. 0. 0. 0. 0 0
30.454 1 FBW_STATUS 2 0 1 0 0
30.470 1 GPS 0 0 0 0 0 0 0 0 0 0 1
30.561 1 ATTITUDE -0.038899 3.08672 -0.141415
30.662 1 ESTIMATOR 0. 0.
30.664 1 CALIBRATION 0. 0
30.687 1 PONG 
30.707 1 NAVIGATION 0 2 0. 0. 0. 0. 0 0
30.725 1 GPS 0 0 0 0 0 0 0 0 0 0 1
30.766 1 WP_MOVED 1 360285. 4813595. 75. 31
30.768 1 DL_VALUE 1 0.
30.770 1 DOWNLINK 0 495 8985
30.862 1 GPS_SOL 0 0 0 0
30.949 1 NAVIGATION 0 2 0. 0. 0. 0. 0 0
30.974 1 GPS 0 0 0 0 0 0 0 0 0 0 1
30.978 1 NAVIGATION 0 2 0. 0. 0. 0. 0 0
31.074 1 ATTITUDE -0.038815 3.10969 -0.141378
