3.170 1 GPS 0 0 0 0 0 0 0 0 0 0 1
3.267 1 ATTITUDE -0.066673 3.131258 0.008456
3.269 1 STATE_FILTER_STATUS 3 0
3.366 1 ESTIMATOR 0. 0.
3.402 1 NAVIGATION 2 1 0. 0. 0. 0. 0 0
3.420 1 GPS 0 0 0 0 0 0 0 0 0 0 1
3.467 1 WP_MOVED 9 166049.796875 57. 0. 31
3.567 1 BAT 0 0 0 0 1 6 6 0
3.570 1 GPS_SOL 0 0 0 0
3.652 1 NAVIGATION 2 1 0. 0. 0. 0. 0 0
3.670 1 GPS 0 0 0 0 0 0 0 0 0 0 1
3.674 1 NAVIGATION 2 1 0. 0. 0. 0. 0 0
3.677 1 IMU_GYRO 0.00415 0.016846 -0.033936
3.679 1 DOWNLINK 0 493 365
3.767 1 ATTITUDE -0.066706 3.130492 0.008428
3.820 1 DESIRED 0. 0.01 0. 0. 0. 50. 0.
3.869 1 ESTIMATOR 0. 0.
3.902 1 NAVIGATION 2 1 0. 0. 0. 0. 0 0
3.911 1 DOWNLINK_STATUS 4 1987 88 0 524. 24. 0.
3.920 1 GPS 0 0 0 0 0 0 0 0 0 0 1
3.967 1 WP_MOVED 10 166189.796875 -13.8 75. 31
3.969 1 DL_VALUE 0 0.
4.152 1 NAVIGATION 2 1 0. 0. 0. 0. 0 0
4.170 1 GPS 0 0 0 0 0 0 0 0 0 0 1
4.267 1 ATTITUDE -0.066622 3.129794 0.008372
4.366 1 ESTIMATOR 0. 0.
4.402 1 NAVIGATION 2 1 0. 0. 0. 0. 0 0
4.419 1 GPS 0 0 0 0 0 0 0 0 0 0 1
4.467 1 WP_MOVED 11 165906.5 162.300003 75. 31
4.469 1 CALIBRATION 0. 0
4.652 1 NAVIGATION 2 1 0. 0. 0. 0. 0 0
4.669 1 GPS 0 0 0 0 0 0 0 0 0 0 1
4.674 1 NAVIGATION 2 1 0. 0. 0. 0. 0 0
4.677 1 BAT 0 0 0 0 1 7 7 0
4.767 1 ATTITUDE -0.066577 3.129 0.008303
4.770 1 IMU_GYRO 0.00415 0.016846 -0.033936
4.866 1 ESTIMATOR 0. 0.
4.872 1 DESIRED 0. 0.01 0. 0. 0. 50. 0.
4.902 1 NAVIGATION 2 1 0. 0. 0. 0. 0 0
4.912 1 DOWNLINK_STATUS 5 2447 108 0 460. 20. 0.
4.919 1 GPS 0 0 0 0 0 0 0 0 0 0 1
4.967 1 WP_MOVED 0 166063. 42. 75. 31
5.149 1 FBW_STATUS 2 0 1 0 0
5.154 1 NAVIGATION 2 1 0. 0. 0. 0. 0 0
5.169 1 GPS 0 0 0 0 0 0 0 0 0 0 1
5.267 1 ATTITUDE -0.066548 3.128279 0.008336
5.366 1 ESTIMATOR 0. 0.
5.370 1 ENERGY 0. 0. 0 0.
5.402 1 NAVIGATION 2 1 0. 0. 0. 0. 0 0
5.419 1 GPS 0 0 0 0 0 0 0 0 0 0 1
5.467 1 WP_MOVED 1 166021. 0. 75. 31
5.469 1 DL_VALUE 1 0.
5.567 1 GPS_SOL 0 0 0 0
5.652 1 NAVIGATION 2 1 0. 0. 0. 0. 0 0
5.669 1 GPS 0 0 0 0 0 0 0 0 0 0 1
5.674 1 NAVIGATION 2 1 0. 0. 0. 0. 0 0
5.767 1 ATTITUDE -0.06654 3.127586 0.008334
5.770 1 BAT 0 0 0 0 1 8 8 0
5.866 1 ESTIMATOR 0. 0.
5.869 1 IMU_GYRO 0.006348 0.013672 -0.032959
5.902 1 NAVIGATION 2 1 0. 0. 0. 0. 0 0
5.913 1 DOWNLINK_STATUS 6 2913 129 0 466. 21. -1.35336203367e+12
5.919 1 GPS 0 0 0 0 0 0 0 0 0 0 1
5.925 1 DESIRED 0. 0.01 0. 0. 0. 50. 0.
5.967 1 WP_MOVED 2 166070.5 100.099998 75. 31
6.152 1 NAVIGATION 2 1 0. 0. 0. 0. 0 0
6.169 1 GPS 0 0 0 0 0 0 0 0 0 0 1
6.267 1 ATTITUDE -0.066523 3.127043 0.00845
6.366 1 ESTIMATOR 0. 0.
6.401 1 NAVIGATION 2 1 0. 0. 0. 0. 0 0
6.419 1 GPS 0 0 0 0 0 0 0 0 0 0 1
6.467 1 WP_MOVED 3 166031.09375 189.899994 75. 31
6.470 1 NAVIGATION_REF 166021 0 31
6.566 1 CALIBRATION 0. 0
6.652 1 NAVIGATION 2 1 0. 0. 0. 0. 0 0
6.669 1 GPS 0 0 0 0 0 0 0 0 0 0 1
6.674 1 NAVIGATION 2 1 0. 0. 0. 0. 0 0
6.767 1 ATTITUDE -0.066553 3.126456 0.008419
6.866 1 ESTIMATOR 0. 0.
6.869 1 BAT 0 0 0 0 1 9 9 0
6.901 1 NAVIGATION 2 1 0. 0. 0. 0. 0 0
6.914 1 DOWNLINK_STATUS 7 3359 148 0 446. 19. -1.35336203367e+12
6.919 1 GPS 0 0 0 0 0 0 0 0 0 0 1
6.967 1 WP_MOVED 4 166153.296875 139.100006 75. 31
6.973 1 DESIRED 0. 0.01 0. 0. 0. 50. 0.
6.976 1 IMU_GYRO 0.00415 0.015869 -0.032959
6.978 1 DL_VALUE 2 50.
7.149 1 FBW_STATUS 2 0 1 0 0
7.154 1 NAVIGATION 2 1 0. 0. 0. 0. 0 0
7.169 1 GPS 0 0 0 0 0 0 0 0 0 0 1
7.250 1 COMMANDS 0,491,-1,0
7.267 1 ATTITUDE -0.066461 3.125894 0.00841
7.350 1 ACTUATORS 0,1120,1515,1449,1525,1525
7.366 1 ESTIMATOR 0. 0.
7.401 1 NAVIGATION 2 1 0. 0. 0. 0. 0 0
7.419 1 GPS 0 0 0 0 0 0 0 0 0 0 1
7.467 1 WP_MOVED 5 166158. -11.6 75. 31
7.567 1 GPS_SOL 0 0 0 0
7.652 1 NAVIGATION 2 1 0. 0. 0. 0. 0 0
7.669 1 GPS 0 0 0 0 0 0 0 0 0 0 1
7.674 1 NAVIGATION 2 1 0. 0. 0. 0. 0 0
7.767 1 ATTITUDE -0.066383 3.12533 0.008262
7.866 1 ESTIMATOR 0. 0.
7.869 1 ENERGY 0. 0. 0 0.
7.902 1 NAVIGATION 2 1 0. 0. 0. 0. 0 0
7.914 1 DOWNLINK_STATUS 8 3873 171 0 514. 23. -1.35336203367e+12
7.919 1 GPS 0 0 0 0 0 0 0 0 0 0 1
7.967 1 WP_MOVED 6 165901.796875 69.599998 75. 31
7.970 1 BAT 0 0 0 0 1 10 10 0
7.974 1 ALIVE 116,139,88,251,143,243,133,129,57,106,156,90,54,41,39,65
8.019 1 DESIRED 0. 0.01 0. 0. 0. 50. 0.
8.067 1 IMU_GYRO 0.00415 0.015869 -0.032959
8.069 1 PPRZ_MODE 2 1 2 0 0 6
8.152 1 NAVIGATION 2 1 0. 0. 0. 0. 0 0
8.170 1 GPS 0 0 0 0 0 0 0 0 0 0 1
8.267 1 ATTITUDE -0.066329 3.12484 0.008252
8.268 1 STATE_FILTER_STATUS 3 0
8.366 1 ESTIMATOR 0. 0.
8.401 1 NAVIGATION 2 1 0. 0. 0. 0. 0 0
8.419 1 GPS 0 0 0 0 0 0 0 0 0 0 1
8.467 1 WP_MOVED 7 166295.40625 209.5 75. 31
8.469 1 DL_VALUE 3 0.
8.652 1 NAVIGATION 2 1 0. 0. 0. 0. 0 0
8.669 1 GPS 0 0 0 0 0 0 0 0 0 0 1
8.674 1 NAVIGATION 2 1 0. 0. 0. 0. 0 0
8.676 1 CALIBRATION 0. 0
8.767 1 ATTITUDE -0.066307 3.12437 0.00812
8.769 1 DOWNLINK 0 480 474
8.866 1 ESTIMATOR 0. 0.
8.901 1 NAVIGATION 2 1 0. 0. 0. 0. 0 0
8.915 1 DOWNLINK_STATUS 9 4388 195 0 515. 24. -1.35336203367e+12
8.919 1 GPS 0 0 0 0 0 0 0 0 0 0 1
8.967 1 WP_MOVED 8 166198.40625 45.099998 30. 31
9.069 1 DESIRED 0. 0.01 0. 0. 0. 50. 0.
9.073 1 BAT 0 0 0 0 1 11 11 0
9.149 1 FBW_STATUS 2 0 1 0 0
9.154 1 NAVIGATION 2 1 0. 0. 0. 0. 0 0
9.170 1 GPS 0 0 0 0 0 0 0 0 0 0 1
9.172 1 IMU_GYRO 0.00415 0.016846 -0.033936
9.267 1 ATTITUDE -0.066392 3.123843 0.008188
9.366 1 ESTIMATOR 0. 0.
9.401 1 NAVIGATION 2 1 0. 0. 0. 0. 0 0
9.421 1 GPS 0 0 0 0 0 0 0 0 0 0 1
9.467 1 WP_MOVED 9 166049.796875 57. 0. 31
9.566 1 GPS_SOL 0 0 0 0
9.651 1 NAVIGATION 2 1 0. 0. 0. 0. 0 0
9.670 1 GPS 0 0 0 0 0 0 0 0 0 0 1
9.674 1 NAVIGATION 2 1 0. 0. 0. 0. 0 0
9.767 1 ATTITUDE -0.066311 3.123324 0.008115
9.866 1 ESTIMATOR 0. 0.
9.901 1 NAVIGATION 2 1 0. 0. 0. 0. 0 0
9.915 1 DOWNLINK_STATUS 10 4857 215 0 469. 20. -1.35336203367e+12
9.919 1 GPS 0 0 0 0 0 0 0 0 0 0 1
9.967 1 WP_MOVED 10 166189.796875 -13.8 75. 31
9.969 1 DL_VALUE 4 0.
10.119 1 DESIRED 0. 0.01 0. 0. 0. 50. 0.
10.152 1 NAVIGATION 2 1 0. 0. 0. 0. 0 0
10.169 1 GPS 0 0 0 0 0 0 0 0 0 0 1
10.173 1 BAT 0 0 0 0 1 13 13 0
10.267 1 ATTITUDE -0.0663 3.122695 0.008075
10.270 1 IMU_GYRO 0.00415 0.015869 -0.033936
10.366 1 ESTIMATOR 0. 0.
10.369 1 ENERGY 0. 0. 0 0.
10.401 1 NAVIGATION 2 1 0. 0. 0. 0. 0 0
10.419 1 GPS 0 0 0 0 0 0 0 0 0 0 1
10.467 1 WP_MOVED 11 165906.5 162.300003 75. 31
10.652 1 NAVIGATION 2 1 0. 0. 0. 0. 0 0
10.669 1 GPS 0 0 0 0 0 0 0 0 0 0 1
10.674 1 NAVIGATION 2 1 0. 0. 0. 0. 0 0
10.767 1 ATTITUDE -0.066332 3.122135 0.008049
10.768 1 CALIBRATION 0. 0
10.866 1 ESTIMATOR 0. 0.
10.901 1 NAVIGATION 2 1 0. 0. 0. 0. 0 0
10.915 1 DOWNLINK_STATUS 11 5337 236 0 480. 21. -1.35336203867e+12
10.919 1 GPS 0 0 0 0 0 0 0 0 0 0 1
10.967 1 WP_MOVED 0 166063. 42. 75. 31
11.149 1 FBW_STATUS 2 0 1 0 0
11.154 1 NAVIGATION 2 1 0. 0. 0. 0. 0 0
11.169 1 GPS 0 0 0 0 0 0 0 0 0 0 1
11.175 1 DESIRED 0. 0.01 0. 0. 0. 50. 0.
11.266 1 ATTITUDE -0.066255 3.121506 0.008131
11.275 1 BAT 0 0 0 0 1 14 14 0
11.366 1 ESTIMATOR 0. 0.
11.369 1 IMU_GYRO 0.00415 0.016846 -0.032959
11.401 1 NAVIGATION 2 1 0. 0. 0. 0. 0 0
11.419 1 GPS 0 0 0 0 0 0 0 0 0 0 1
11.467 1 WP_MOVED 1 166021. 0. 75. 31
11.469 1 DL_VALUE 5 0.
11.566 1 GPS_SOL 0 0 0 0
11.652 1 NAVIGATION 2 1 0. 0. 0. 0. 0 0
11.669 1 GPS 0 0 0 0 0 0 0 0 0 0 1
11.674 1 NAVIGATION 2 1 0. 0. 0. 0. 0 0
11.766 1 ATTITUDE -0.066252 3.12091 0.008132
11.866 1 ESTIMATOR 0. 0.
11.901 1 NAVIGATION 2 1 0. 0. 0. 0. 0 0
11.915 1 DOWNLINK_STATUS 12 5817 257 0 480. 21. -1.35336203867e+12
11.919 1 GPS 0 0 0 0 0 0 0 0 0 0 1
11.967 1 WP_MOVED 2 166070.5 100.099998 75. 31
12.152 1 NAVIGATION 2 1 0. 0. 0. 0. 0 0
12.169 1 GPS 0 0 0 0 0 0 0 0 0 0 1
12.219 1 DESIRED 0. 0.01 0. 0. 0. 50. 0.
12.249 1 COMMANDS 0,490,2,0
12.266 1 ATTITUDE -0.066342 3.120167 0.008147
12.350 1 ACTUATORS 0,1120,1515,1449,1525,1525
12.366 1 ESTIMATOR 0. 0.
12.369 1 BAT 0 0 0 0 1 15 15 0
12.401 1 NAVIGATION 2 1 0. 0. 0. 0. 0 0
12.419 1 GPS 0 0 0 0 0 0 0 0 0 0 1
12.467 1 WP_MOVED 3 166031.09375 189.899994 75. 31
12.470 1 IMU_GYRO 0.00415 0.016846 -0.032959
12.651 1 NAVIGATION 2 1 0. 0. 0. 0. 0 0
12.669 1 GPS 0 0 0 0 0 0 0 0 0 0 1
12.674 1 NAVIGATION 2 1 0. 0. 0. 0. 0 0
12.766 1 ATTITUDE -0.066289 3.119483 0.008147
12.866 1 ESTIMATOR 0. 0.
12.868 1 CALIBRATION 0. 0
12.871 1 ENERGY 0. 0. 0 0.
12.901 1 NAVIGATION 2 1 0. 0. 0. 0. 0 0
12.915 1 DOWNLINK_STATUS 13 6320 279 0 503. 22. -1.35336203867e+12
12.919 1 GPS 0 0 0 0 0 0 0 0 0 0 1
12.967 1 WP_MOVED 4 166153.296875 139.100006 75. 31
12.969 1 DL_VALUE 6 100.
12.973 1 ALIVE 116,139,88,251,143,243,133,129,57,106,156,90,54,41,39,65
13.065 1 PPRZ_MODE 2 1 2 0 0 6
13.149 1 FBW_STATUS 2 0 1 0 0
13.154 1 NAVIGATION 2 1 0. 0. 0. 0. 0 0
13.169 1 GPS 0 0 0 0 0 0 0 0 0 0 1
13.266 1 ATTITUDE -0.066335 3.11876 0.008265
13.272 1 DESIRED 0. 0.01 0. 0. 0. 50. 0.
13.274 1 STATE_FILTER_STATUS 3 0
13.366 1 ESTIMATOR 0. 0.
13.372 1 WIND_INFO 1 42 0. 0. 0.
13.401 1 NAVIGATION 2 1 0. 0. 0. 0. 0 0
13.419 1 GPS 0 0 0 0 0 0 0 0 0 0 1
13.467 1 WP_MOVED 5 166158. -11.6 75. 31
13.470 1 BAT 0 0 0 0 1 16 16 0
13.566 1 IMU_GYRO 0.00415 0.015869 -0.033936
13.569 1 GPS_SOL 0 0 0 0
13.652 1 NAVIGATION 2 1 0. 0. 0. 0. 0 0
13.669 1 GPS 0 0 0 0 0 0 0 0 0 0 1
13.673 1 NAVIGATION 2 1 0. 0. 0. 0. 0 0
13.766 1 ATTITUDE -0.066399 3.117945 0.008198
13.866 1 ESTIMATOR 0. 0.
13.868 1 DOWNLINK 0 486 584
13.901 1 NAVIGATION 2 1 0. 0. 0. 0. 0 0
13.915 1 DOWNLINK_STATUS 14 6855 304 0 535. 25. -1.35336203867e+12
13.919 1 GPS 0 0 0 0 0 0 0 0 0 0 1
13.967 1 WP_MOVED 6 165901.796875 69.599998 75. 31
14.151 1 NAVIGATION 2 1 0. 0. 0. 0. 0 0
14.169 1 GPS 0 0 0 0 0 0 0 0 0 0 1
14.266 1 ATTITUDE -0.066338 3.117172 0.008196
14.319 1 DESIRED 0. 0.01 0. 0. 0. 50. 0.
14.366 1 ESTIMATOR 0. 0.
14.401 1 NAVIGATION 2 1 0. 0. 0. 0. 0 0
14.419 1 GPS 0 0 0 0 0 0 0 0 0 0 1
14.467 1 WP_MOVED 7 166295.40625 209.5 75. 31
14.469 1 DL_VALUE 7 2.
14.567 1 BAT 0 0 0 0 1 17 17 0
14.651 1 NAVIGATION 2 1 0. 0. 0. 0. 0 0
14.669 1 GPS 0 0 0 0 0 0 0 0 0 0 1
14.673 1 NAVIGATION 2 1 0. 0. 0. 0. 0 0
14.677 1 IMU_GYRO 0.00415 0.016846 -0.033936
14.766 1 ATTITUDE -0.066261 3.116359 0.008217
14.866 1 ESTIMATOR 0. 0.
14.901 1 NAVIGATION 2 1 0. 0. 0. 0. 0 0
14.916 1 DOWNLINK_STATUS 15 7304 323 0 449. 19. -1.35336203867e+12
14.919 1 GPS 0 0 0 0 0 0 0 0 0 0 1
14.967 1 WP_MOVED 8 166198.40625 45.099998 30. 31
14.969 1 CALIBRATION 0. 0
15.149 1 FBW_STATUS 2 0 1 0 0
15.153 1 NAVIGATION 2 1 0. 0. 0. 0. 0 0
15.169 1 GPS 0 0 0 0 0 0 0 0 0 0 1
15.266 1 ATTITUDE -0.06623 3.115617 0.00819
15.366 1 ESTIMATOR 0. 0.
15.371 1 DESIRED 0. 0.01 0. 0. 0. 50. 0.
15.375 1 ENERGY 0. 0. 0 0.
15.401 1 NAVIGATION 2 1 0. 0. 0. 0. 0 0
15.419 1 GPS 0 0 0 0 0 0 0 0 0 0 1
15.467 1 WP_MOVED 9 166049.796875 57. 0. 31
15.469 1 NAVIGATION_REF 166021 0 31
15.513 1 BLOCK 3 1
15.566 1 GPS_SOL 0 0 0 0
15.651 1 NAVIGATION 2 1 0. 0. 0. 0. 0 0
15.670 1 GPS 0 0 0 0 0 0 0 0 0 0 1
15.673 1 NAVIGATION 2 1 0. 0. 0. 0. 0 0
15.677 1 BAT 0 0 0 0 1 18 18 0
15.766 1 ATTITUDE -0.066284 3.114844 0.008167
15.769 1 IMU_GYRO 0.00415 0.015869 -0.033936
15.865 1 ESTIMATOR 0. 0.
15.901 1 NAVIGATION 2 1 0. 0. 0. 0. 0 0
15.916 1 DOWNLINK_STATUS 16 7819 346 0 515. 23. -1.35336204367e+12
15.919 1 GPS 0 0 0 0 0 0 0 0 0 0 1
15.967 1 WP_MOVED 10 166189.796875 -13.8 75. 31
15.968 1 DL_VALUE 8 0.
16.151 1 NAVIGATION 2 1 0. 0. 0. 0. 0 0
16.170 1 GPS 0 0 0 0 0 0 0 0 0 0 1
16.266 1 ATTITUDE -0.066336 3.114043 0.008125
16.365 1 ESTIMATOR 0. 0.
16.401 1 NAVIGATION 2 1 0. 0. 0. 0. 0 0
16.419 1 GPS 0 0 0 0 0 0 0 0 0 0 1
16.425 1 DESIRED 0. 0.01 0. 0. 0. 50. 0.
16.467 1 WP_MOVED 11 165906.5 162.300003 75. 31
16.651 1 NAVIGATION 2 1 0. 0. 0. 0. 0 0
16.671 1 GPS 0 0 0 0 0 0 0 0 0 0 1
16.673 1 NAVIGATION 2 1 0. 0. 0. 0. 0 0
16.766 1 ATTITUDE -0.066436 3.113286 0.00802
16.770 1 BAT 0 0 0 0 1 19 19 0
16.865 1 ESTIMATOR 0. 0.
16.869 1 IMU_GYRO 0.00415 0.015869 -0.033936
16.901 1 NAVIGATION 2 1 0. 0. 0. 0. 0 0
16.916 1 DOWNLINK_STATUS 17 8268 365 0 449. 19. -1.35336204367e+12
16.919 1 GPS 0 0 0 0 0 0 0 0 0 0 1
16.966 1 WP_MOVED 0 166063. 42. 75. 31
17.065 1 CALIBRATION 0. 0
17.149 1 FBW_STATUS 2 0 1 0 0
17.153 1 NAVIGATION 2 1 0. 0. 0. 0. 0 0
17.171 1 GPS 0 0 0 0 0 0 0 0 0 0 1
17.249 1 COMMANDS 0,492,7,0
17.266 1 ATTITUDE -0.066503 3.112575 0.007966
17.350 1 ACTUATORS 0,1120,1515,1449,1525,1525
17.365 1 ESTIMATOR 0. 0.
17.401 1 NAVIGATION 2 1 0. 0. 0. 0. 0 0
17.419 1 GPS 0 0 0 0 0 0 0 0 0 0 1
17.466 1 WP_MOVED 1 166021. 0. 75. 31
17.472 1 DESIRED 0. 0.01 0. 0. 0. 50. 0.
17.474 1 DL_VALUE 9 1.
17.566 1 GPS_SOL 0 0 0 0
17.651 1 NAVIGATION 2 1 0. 0. 0. 0. 0 0
17.669 1 GPS 0 0 0 0 0 0 0 0 0 0 1
17.673 1 NAVIGATION 2 1 0. 0. 0. 0. 0 0
17.766 1 ATTITUDE -0.066623 3.111824 0.007939
17.865 1 ESTIMATOR 0. 0.
17.869 1 BAT 0 0 0 0 1 20 20 0
17.872 1 ENERGY 0. 0. 0 0.
17.901 1 NAVIGATION 2 1 0. 0. 0. 0. 0 0
17.916 1 DOWNLINK_STATUS 18 8795 389 0 527. 24. -1.35336204367e+12
17.919 1 GPS 0 0 0 0 0 0 0 0 0 0 1
17.966 1 WP_MOVED 2 166070.5 100.099998 75. 31
17.970 1 IMU_GYRO 0.006348 0.015869 -0.033936
17.974 1 ALIVE 116,139,88,251,143,243,133,129,57,106,156,90,54,41,39,65
18.065 1 PPRZ_MODE 2 1 2 0 0 6
18.151 1 NAVIGATION 2 1 0. 0. 0. 0. 0 0
18.169 1 GPS 0 0 0 0 0 0 0 0 0 0 1
18.266 1 ATTITUDE -0.066678 3.111048 0.008001
18.268 1 STATE_FILTER_STATUS 3 0
18.365 1 ESTIMATOR 0. 0.
18.401 1 NAVIGATION 2 1 0. 0. 0. 0. 0 0
18.419 1 GPS 0 0 0 0 0 0 0 0 0 0 1
18.466 1 WP_MOVED 3 166031.09375 189.899994 75. 31
18.519 1 DESIRED 0. 0.01 0. 0. 0. 50. 0.
18.651 1 NAVIGATION 2 1 0. 0. 0. 0. 0 0
18.669 1 GPS 0 0 0 0 0 0 0 0 0 0 1
18.673 1 NAVIGATION 2 1 0. 0. 0. 0. 0 0
18.766 1 ATTITUDE -0.066651 3.110413 0.007898
18.865 1 ESTIMATOR 0. 0.
18.901 1 NAVIGATION 2 1 0. 0. 0. 0. 0 0
18.916 1 DOWNLINK_STATUS 19 9257 409 0 462. 20. -1.35336204367e+12
18.919 1 GPS 0 0 0 0 0 0 0 0 0 0 1
18.966 1 WP_MOVED 4 166153.296875 139.100006 75. 31
18.970 1 BAT 0 0 0 0 1 21 21 0
18.972 1 DL_VALUE 10 0.
18.974 1 DOWNLINK 0 494 695
19.066 1 IMU_GYRO 0.00415 0.015869 -0.033936
19.149 1 FBW_STATUS 2 0 1 0 0
19.153 1 NAVIGATION 2 1 0. 0. 0. 0. 0 0
19.169 1 GPS 0 0 0 0 0 0 0 0 0 0 1
19.170 1 CALIBRATION 0. 0
19.266 1 ATTITUDE -0.066555 3.109691 0.007874
19.365 1 ESTIMATOR 0. 0.
19.401 1 NAVIGATION 2 1 0. 0. 0. 0. 0 0
19.419 1 GPS 0 0 0 0 0 0 0 0 0 0 1
19.466 1 WP_MOVED 5 166158. -11.6 75. 31
19.569 1 DESIRED 0. 0.01 0. 0. 0. 50. 0.
19.572 1 GPS_SOL 0 0 0 0
19.651 1 NAVIGATION 2 1 0. 0. 0. 0. 0 0
19.669 1 GPS 0 0 0 0 0 0 0 0 0 0 1
19.673 1 NAVIGATION 2 1 0. 0. 0. 0. 0 0
19.766 1 ATTITUDE -0.066641 3.108908 0.007884
19.865 1 ESTIMATOR 0. 0.
19.901 1 NAVIGATION 2 1 0. 0. 0. 0. 0 0
19.916 1 DOWNLINK_STATUS 20 9759 432 0 502. 23. -1.35336204367e+12
19.919 1 GPS 0 0 0 0 0 0 0 0 0 0 1
19.966 1 WP_MOVED 6 165901.796875 69.599998 75. 31
20.066 1 BAT 0 0 0 0 1 22 22 0
20.151 1 NAVIGATION 2 1 0. 0. 0. 0. 0 0
20.169 1 GPS 0 0 0 0 0 0 0 0 0 0 1
20.174 1 IMU_GYRO 0.00415 0.016846 -0.032959
20.266 1 ATTITUDE -0.066606 3.108076 0.007864
20.365 1 ESTIMATOR 0. 0.
20.369 1 ENERGY 0. 0. 0 0.
20.401 1 NAVIGATION 2 1 0. 0. 0. 0. 0 0
20.419 1 GPS 0 0 0 0 0 0 0 0 0 0 1
20.466 1 WP_MOVED 7 166295.40625 209.5 75. 31
20.468 1 DL_VALUE 0 0.
20.619 1 DESIRED 0. 0.01 0. 0. 0. 50. 0.
20.651 1 NAVIGATION 2 1 0. 0. 0. 0. 0 0
20.669 1 GPS 0 0 0 0 0 0 0 0 0 0 1
20.675 1 NAVIGATION 2 1 0. 0. 0. 0. 0 0
20.766 1 ATTITUDE -0.066598 3.107244 0.00784
20.865 1 ESTIMATOR 0. 0.
20.901 1 NAVIGATION 2 1 0. 0. 0. 0. 0 0
20.916 1 DOWNLINK_STATUS 21 10228 452 0 469. 20. -1.35336204867e+12
20.919 1 GPS 0 0 0 0 0 0 0 0 0 0 1
20.966 1 WP_MOVED 8 166198.40625 45.099998 30. 31
21.149 1 FBW_STATUS 2 0 1 0 0
21.153 1 NAVIGATION 2 1 0. 0. 0. 0. 0 0
21.168 1 GPS 0 0 0 0 0 0 0 0 0 0 1
21.172 1 BAT 0 0 0 0 1 24 24 0
21.266 1 ATTITUDE -0.066586 3.106403 0.00779
21.269 1 IMU_GYRO 0.00415 0.016846 -0.033936
21.271 1 CALIBRATION 0. 0
21.365 1 ESTIMATOR 0. 0.
21.401 1 NAVIGATION 2 1 0. 0. 0. 0. 0 0
21.418 1 GPS 0 0 0 0 0 0 0 0 0 0 1
21.466 1 WP_MOVED 9 166049.796875 57. 0. 31
21.566 1 GPS_SOL 0 0 0 0
21.651 1 NAVIGATION 2 1 0. 0. 0. 0. 0 0
21.668 1 GPS 0 0 0 0 0 0 0 0 0 0 1
21.673 1 NAVIGATION 2 1 0. 0. 0. 0. 0 0
21.679 1 DESIRED 0. 0.01 0. 0. 0. 50. 0.
21.766 1 ATTITUDE -0.066613 3.105561 0.007785
21.865 1 ESTIMATOR 0. 0.
21.901 1 NAVIGATION 2 1 0. 0. 0. 0. 0 0
21.916 1 DOWNLINK_STATUS 22 10708 473 0 480. 21. -1.35336204867e+12
21.918 1 GPS 0 0 0 0 0 0 0 0 0 0 1
21.966 1 WP_MOVED 10 166189.796875 -13.8 75. 31
21.968 1 DL_VALUE 1 0.
22.151 1 NAVIGATION 2 1 0. 0. 0. 0. 0 0
22.168 1 GPS 0 0 0 0 0 0 0 0 0 0 1
22.249 1 COMMANDS 0,492,11,0
22.266 1 ATTITUDE -0.066492 3.104713 0.007734
22.269 1 BAT 0 0 0 0 1 25 25 0
22.349 1 ACTUATORS 0,1120,1515,1449,1525,1525
22.365 1 ESTIMATOR 0. 0.
22.368 1 IMU_GYRO 0.00415 0.015869 -0.033936
22.401 1 NAVIGATION 2 1 0. 0. 0. 0. 0 0
22.418 1 GPS 0 0 0 0 0 0 0 0 0 0 1
22.466 1 WP_MOVED 11 165906.5 162.300003 75. 31
22.651 1 NAVIGATION 2 1 0. 0. 0. 0. 0 0
22.668 1 GPS 0 0 0 0 0 0 0 0 0 0 1
22.673 1 NAVIGATION 2 1 0. 0. 0. 0. 0 0
22.719 1 DESIRED 0. 0.01 0. 0. 0. 50. 0.
22.766 1 ATTITUDE -0.066352 3.103812 0.00777
22.865 1 ESTIMATOR 0. 0.
22.869 1 ENERGY 0. 0. 0 0.
22.901 1 NAVIGATION 2 1 0. 0. 0. 0. 0 0
22.916 1 DOWNLINK_STATUS 23 11211 495 0 503. 22. -1.35336204867e+12
22.918 1 GPS 0 0 0 0 0 0 0 0 0 0 1
22.966 1 WP_MOVED 0 166063. 42. 75. 31
22.970 1 ALIVE 116,139,88,251,143,243,133,129,57,106,156,90,54,41,39,65
23.065 1 PPRZ_MODE 2 1 2 0 0 6
23.148 1 FBW_STATUS 2 0 1 0 0
23.153 1 NAVIGATION 2 1 0. 0. 0. 0. 0 0
23.168 1 GPS 0 0 0 0 0 0 0 0 0 0 1
23.266 1 ATTITUDE -0.066373 3.102979 0.007646
23.267 1 STATE_FILTER_STATUS 3 0
23.365 1 ESTIMATOR 0. 0.
23.369 1 BAT 0 0 0 0 1 26 26 0
23.370 1 CALIBRATION 0. 0
23.372 1 WIND_INFO 1 42 0. 0. 0.
23.400 1 NAVIGATION 2 1 0. 0. 0. 0. 0 0
23.418 1 GPS 0 0 0 0 0 0 0 0 0 0 1
23.466 1 WP_MOVED 1 166021. 0. 75. 31
23.469 1 IMU_GYRO 0.00415 0.016846 -0.033936
23.471 1 DL_VALUE 2 50.
23.566 1 GPS_SOL 0 0 0 0
23.651 1 NAVIGATION 2 1 0. 0. 0. 0. 0 0
23.668 1 GPS 0 0 0 0 0 0 0 0 0 0 1
23.673 1 NAVIGATION 2 1 0. 0. 0. 0. 0 0
23.766 1 ATTITUDE -0.066472 3.102099 0.007657
23.772 1 DESIRED 0. 0.01 0. 0. 0. 50. 0.
23.865 1 ESTIMATOR 0. 0.
23.900 1 NAVIGATION 2 1 0. 0. 0. 0. 0 0
23.917 1 DOWNLINK_STATUS 24 11746 520 0 535. 25. -1.35336204867e+12
23.918 1 GPS 0 0 0 0 0 0 0 0 0 0 1
23.966 1 WP_MOVED 2 166070.5 100.099998 75. 31
24.065 1 DOWNLINK 0 481 804
24.151 1 NAVIGATION 2 1 0. 0. 0. 0. 0 0
24.168 1 GPS 0 0 0 0 0 0 0 0 0 0 1
24.266 1 ATTITUDE -0.066415 3.101215 0.007537
24.365 1 ESTIMATOR 0. 0.
24.400 1 NAVIGATION 2 1 0. 0. 0. 0. 0 0
24.418 1 GPS 0 0 0 0 0 0 0 0 0 0 1
24.466 1 WP_MOVED 3 166031.09375 189.899994 75. 31
24.469 1 BAT 0 0 0 0 1 27 27 0
24.472 1 NAVIGATION_REF 166021 0 31
24.566 1 IMU_GYRO 0.00415 0.015869 -0.033936
24.651 1 NAVIGATION 2 1 0. 0. 0. 0. 0 0
24.668 1 GPS 0 0 0 0 0 0 0 0 0 0 1
24.673 1 NAVIGATION 2 1 0. 0. 0. 0. 0 0
24.766 1 ATTITUDE -0.066343 3.100372 0.00745
24.818 1 DESIRED 0. 0.01 0. 0. 0. 50. 0.
24.865 1 ESTIMATOR 0. 0.
24.900 1 NAVIGATION 2 1 0. 0. 0. 0. 0 0
24.917 1 DOWNLINK_STATUS 25 12210 540 0 464. 20. -1.35336204867e+12
24.918 1 GPS 0 0 0 0 0 0 0 0 0 0 1
24.966 1 WP_MOVED 4 166153.296875 139.100006 75. 31
24.968 1 DL_VALUE 3 0.
25.150 1 NAVIGATION 2 1 0. 0. 0. 0. 0 0
25.153 1 FBW_STATUS 2 0 1 0 0
25.168 1 GPS 0 0 0 0 0 0 0 0 0 0 1
25.266 1 ATTITUDE -0.06633 3.099523 0.007374
25.365 1 ESTIMATOR 0. 0.
25.368 1 ENERGY 0. 0. 0 0.
25.400 1 NAVIGATION 2 1 0. 0. 0. 0. 0 0
25.418 1 GPS 0 0 0 0 0 0 0 0 0 0 1
25.466 1 WP_MOVED 5 166158. -11.6 75. 31
25.468 1 CALIBRATION 0. 0
25.566 1 BAT 0 0 0 0 1 28 28 0
25.569 1 GPS_SOL 0 0 0 0
25.651 1 NAVIGATION 2 1 0. 0. 0. 0. 0 0
25.668 1 GPS 0 0 0 0 0 0 0 0 0 0 1
25.673 1 NAVIGATION 2 1 0. 0. 0. 0. 0 0
25.676 1 IMU_GYRO 0.00415 0.016846 -0.032959
25.766 1 ATTITUDE -0.066261 3.098723 0.007332
25.865 1 ESTIMATOR 0. 0.
25.871 1 DESIRED 0. 0.01 0. 0. 0. 50. 0.
25.900 1 NAVIGATION 2 1 0. 0. 0. 0. 0 0
25.917 1 DOWNLINK_STATUS 26 12721 563 0 511. 23. -1.35336205367e+12
25.918 1 GPS 0 0 0 0 0 0 0 0 0 0 1
25.966 1 WP_MOVED 6 165901.796875 69.599998 75. 31
26.150 1 NAVIGATION 2 1 0. 0. 0. 0. 0 0
26.168 1 GPS 0 0 0 0 0 0 0 0 0 0 1
26.266 1 ATTITUDE -0.066266 3.097861 0.007233
26.365 1 ESTIMATOR 0. 0.
26.400 1 NAVIGATION 2 1 0. 0. 0. 0. 0 0
26.418 1 GPS 0 0 0 0 0 0 0 0 0 0 1
26.466 1 WP_MOVED 7 166295.40625 209.5 75. 31
26.468 1 DL_VALUE 4 0.
26.651 1 NAVIGATION 2 1 0. 0. 0. 0. 0 0
26.668 1 GPS 0 0 0 0 0 0 0 0 0 0 1
26.673 1 NAVIGATION 2 1 0. 0. 0. 0. 0 0
26.676 1 BAT 0 0 0 0 1 29 29 0
26.766 1 ATTITUDE -0.066178 3.097007 0.007125
26.769 1 IMU_GYRO 0.006348 0.016846 -0.033936
26.865 1 ESTIMATOR 0. 0.
26.900 1 NAVIGATION 2 1 0. 0. 0. 0. 0 0
26.917 1 DOWNLINK_STATUS 27 13136 581 0 415. 18. -1.35336205367e+12
26.918 1 GPS 0 0 0 0 0 0 0 0 0 0 1
26.924 1 DESIRED 0. 0.01 0. 0. 0. 50. 0.
26.966 1 WP_MOVED 8 166198.40625 45.099998 30. 31
27.148 1 FBW_STATUS 2 0 1 0 0
27.153 1 NAVIGATION 2 1 0. 0. 0. 0. 0 0
27.168 1 GPS 0 0 0 0 0 0 0 0 0 0 1
27.248 1 COMMANDS 0,488,23,0
27.266 1 ATTITUDE -0.066136 3.096188 0.0071
27.349 1 ACTUATORS 0,1120,1515,1449,1525,1525
27.365 1 ESTIMATOR 0. 0.
27.400 1 NAVIGATION 2 1 0. 0. 0. 0. 0 0
27.418 1 GPS 0 0 0 0 0 0 0 0 0 0 1
27.466 1 WP_MOVED 9 166049.796875 57. 0. 31
27.565 1 GPS_SOL 0 0 0 0
27.567 1 CALIBRATION 0. 0
27.651 1 NAVIGATION 2 1 0. 0. 0. 0. 0 0
27.668 1 GPS 0 0 0 0 0 0 0 0 0 0 1
27.673 1 NAVIGATION 2 1 0. 0. 0. 0. 0 0
27.765 1 ATTITUDE -0.066058 3.095377 0.007116
27.769 1 BAT 0 0 0 0 1 30 30 0
27.865 1 ESTIMATOR 0. 0.
27.868 1 IMU_GYRO 0.00415 0.016846 -0.033936
27.871 1 ENERGY 0. 0. 0 0.
27.900 1 NAVIGATION 2 1 0. 0. 0. 0. 0 0
27.917 1 DOWNLINK_STATUS 28 13670 605 0 534. 24. -1.35336205367e+12
27.918 1 GPS 0 0 0 0 0 0 0 0 0 0 1
27.966 1 WP_MOVED 10 166189.796875 -13.8 75. 31
27.972 1 DESIRED 0. 0.01 0. 0. 0. 50. 0.
27.974 1 DL_VALUE 5 0.
27.978 1 ALIVE 116,139,88,251,143,243,133,129,57,106,156,90,54,41,39,65
28.064 1 PPRZ_MODE 2 1 2 0 0 6
28.151 1 NAVIGATION 2 1 0. 0. 0. 0. 0 0
28.168 1 GPS 0 0 0 0 0 0 0 0 0 0 1
28.265 1 ATTITUDE -0.066092 3.094473 0.007042
28.267 1 STATE_FILTER_STATUS 3 0
28.365 1 ESTIMATOR 0. 0.
28.400 1 NAVIGATION 2 1 0. 0. 0. 0. 0 0
28.418 1 GPS 0 0 0 0 0 0 0 0 0 0 1
28.466 1 WP_MOVED 11 165906.5 162.300003 75. 31
28.651 1 NAVIGATION 2 1 0. 0. 0. 0. 0 0
28.668 1 GPS 0 0 0 0 0 0 0 0 0 0 1
28.673 1 NAVIGATION 2 1 0. 0. 0. 0. 0 0
28.765 1 ATTITUDE -0.066136 3.093637 0.006976
28.865 1 ESTIMATOR 0. 0.
28.868 1 BAT 0 0 0 0 1 31 31 0
28.900 1 NAVIGATION 2 1 0. 0. 0. 0. 0 0
28.917 1 DOWNLINK_STATUS 29 14145 626 0 475. 21. -1.35336205367e+12
28.918 1 GPS 0 0 0 0 0 0 0 0 0 0 1
28.966 1 WP_MOVED 0 166063. 42. 75. 31
28.969 1 IMU_GYRO 0.00415 0.016846 -0.033936
29.018 1 DESIRED 0. 0.01 0. 0. 0. 50. 0.
29.148 1 FBW_STATUS 2 0 1 0 0
29.153 1 NAVIGATION 2 1 0. 0. 0. 0. 0 0
29.168 1 GPS 0 0 0 0 0 0 0 0 0 0 1
29.170 1 DOWNLINK 0 494 915
29.265 1 ATTITUDE -0.06613 3.092743 0.006908
29.365 1 ESTIMATOR 0. 0.
29.400 1 NAVIGATION 2 1 0. 0. 0. 0. 0 0
29.418 1 GPS 0 0 0 0 0 0 0 0 0 0 1
29.466 1 WP_MOVED 1 166021. 0. 75. 31
29.468 1 DL_VALUE 6 100.
29.565 1 GPS_SOL 0 0 0 0
29.651 1 NAVIGATION 2 1 0. 0. 0. 0. 0 0
29.668 1 GPS 0 0 0 0 0 0 0 0 0 0 1
29.672 1 NAVIGATION 2 1 0. 0. 0. 0. 0 0
29.674 1 CALIBRATION 0. 0
29.765 1 ATTITUDE -0.066074 3.091954 0.00689
29.865 1 ESTIMATOR 0. 0.
29.900 1 NAVIGATION 2 1 0. 0. 0. 0. 0 0
29.917 1 DOWNLINK_STATUS 30 14627 648 0 482. 22. -1.35336205367e+12
29.918 1 GPS 0 0 0 0 0 0 0 0 0 0 1
29.966 1 WP_MOVED 2 166070.5 100.099998 75. 31
29.969 1 BAT 0 0 0 0 1 32 32 0
30.068 1 DESIRED 0. 0.01 0. 0. 0. 50. 0.
30.071 1 IMU_GYRO 0.00415 0.015869 -0.033936
30.151 1 NAVIGATION 2 1 0. 0. 0. 0. 0 0
30.168 1 GPS 0 0 0 0 0 0 0 0 0 0 1
30.265 1 ATTITUDE -0.066132 3.091061 0.006778
30.365 1 ESTIMATOR 0. 0.
30.368 1 ENERGY 0. 0. 0 0.
30.400 1 NAVIGATION 2 1 0. 0. 0. 0. 0 0
30.418 1 GPS 0 0 0 0 0 0 0 0 0 0 1
30.466 1 WP_MOVED 3 166031.09375 189.899994 75. 31
30.650 1 NAVIGATION 2 1 0. 0. 0. 0. 0 0
30.668 1 GPS 0 0 0 0 0 0 0 0 0 0 1
30.672 1 NAVIGATION 2 1 0. 0. 0. 0. 0 0
30.765 1 ATTITUDE -0.066167 3.090244 0.006694
30.865 1 ESTIMATOR 0. 0.
30.900 1 NAVIGATION 2 1 0. 0. 0. 0. 0 0
30.917 1 DOWNLINK_STATUS 31 15085 667 0 458. 19. -1.35336205867e+12
30.918 1 GPS 0 0 0 0 0 0 0 0 0 0 1
30.966 1 WP_MOVED 4 166153.296875 139.100006 75. 31
30.968 1 DL_VALUE 7 2.
31.066 1 BAT 0 0 0 0 1 33 33 0
31.118 1 DESIRED 0. 0.01 0. 0. 0. 50. 0.
31.148 1 FBW_STATUS 2 0 1 0 0
31.152 1 NAVIGATION 2 1 0. 0. 0. 0. 0 0
31.168 1 GPS 0 0 0 0 0 0 0 0 0 0 1
31.171 1 IMU_GYRO 0.00415 0.016846 -0.032959
31.265 1 ATTITUDE -0.066032 3.089477 0.006592
31.365 1 ESTIMATOR 0. 0.
31.400 1 NAVIGATION 2 1 0. 0. 0. 0. 0 0
31.418 1 GPS 0 0 0 0 0 0 0 0 0 0 1
31.466 1 WP_MOVED 5 166158. -11.6 75. 31
31.565 1 GPS_SOL 0 0 0 0
31.650 1 NAVIGATION 2 1 0. 0. 0. 0. 0 0
31.668 1 GPS 0 0 0 0 0 0 0 0 0 0 1
31.672 1 NAVIGATION 2 1 0. 0. 0. 0. 0 0
31.765 1 ATTITUDE -0.065924 3.088708 0.006497
31.767 1 CALIBRATION 0. 0
31.865 1 ESTIMATOR 0. 0.
31.900 1 NAVIGATION 2 1 0. 0. 0. 0. 0 0
31.917 1 DOWNLINK_STATUS 32 15576 689 0 491. 22. -1.35336205867e+12
31.918 1 GPS 0 0 0 0 0 0 0 0 0 0 1
31.966 1 WP_MOVED 6 165901.796875 69.599998 75. 31
32.150 1 NAVIGATION 2 1 0. 0. 0. 0. 0 0
32.168 1 GPS 0 0 0 0 0 0 0 0 0 0 1
32.174 1 DESIRED 0. 0.01 0. 0. 0. 50. 0.
32.177 1 BAT 0 0 0 0 1 35 35 0
32.248 1 COMMANDS 0,487,34,0
32.265 1 ATTITUDE -0.065864 3.087966 0.006482
32.268 1 IMU_GYRO 0.00415 0.016846 -0.032959
32.349 1 ACTUATORS 0,1120,1516,1449,1525,1525
32.365 1 ESTIMATOR 0. 0.
32.400 1 NAVIGATION 2 1 0. 0. 0. 0. 0 0
32.418 1 GPS 0 0 0 0 0 0 0 0 0 0 1
32.466 1 WP_MOVED 7 166295.40625 209.5 75. 31
32.467 1 DL_VALUE 8 0.
32.650 1 NAVIGATION 2 1 0. 0. 0. 0. 0 0
32.668 1 GPS 0 0 0 0 0 0 0 0 0 0 1
32.672 1 NAVIGATION 2 1 0. 0. 0. 0. 0 0
32.765 1 ATTITUDE -0.065724 3.087182 0.006355
32.864 1 ESTIMATOR 0. 0.
32.868 1 ENERGY 0. 0. 0 0.
32.900 1 NAVIGATION 2 1 0. 0. 0. 0. 0 0
32.918 1 GPS 0 0 0 0 0 0 0 0 0 0 1
32.918 1 DOWNLINK_STATUS 33 16112 712 0 536. 23. -1.35336205867e+12
32.966 1 WP_MOVED 8 166198.40625 45.099998 30. 31
32.970 1 ALIVE 116,139,88,251,143,243,133,129,57,106,156,90,54,41,39,65
33.064 1 PPRZ_MODE 2 1 2 0 0 6
33.148 1 FBW_STATUS 2 0 1 0 0
33.152 1 NAVIGATION 2 1 0. 0. 0. 0. 0 0
33.168 1 GPS 0 0 0 0 0 0 0 0 0 0 1
33.218 1 DESIRED 0. 0.01 0. 0. 0. 50. 0.
33.265 1 ATTITUDE -0.065615 3.086412 0.006311
33.269 1 BAT 0 0 0 0 1 36 36 0
33.270 1 STATE_FILTER_STATUS 3 0
33.364 1 ESTIMATOR 0. 0.
33.368 1 IMU_GYRO 0.00415 0.016846 -0.034912
33.372 1 WIND_INFO 1 42 0. 0. 0.
33.400 1 NAVIGATION 2 1 0. 0. 0. 0. 0 0
33.418 1 GPS 0 0 0 0 0 0 0 0 0 0 1
33.465 1 WP_MOVED 9 166049.796875 57. 0. 31
33.468 1 NAVIGATION_REF 166021 0 31
33.565 1 GPS_SOL 0 0 0 0
33.650 1 NAVIGATION 2 1 0. 0. 0. 0. 0 0
33.668 1 GPS 0 0 0 0 0 0 0 0 0 0 1
33.672 1 NAVIGATION 2 1 0. 0. 0. 0. 0 0
33.765 1 ATTITUDE -0.065701 3.085606 0.006221
33.864 1 ESTIMATOR 0. 0.
33.866 1 CALIBRATION 0. 0
33.900 1 NAVIGATION 2 1 0. 0. 0. 0. 0 0
33.918 1 GPS 0 0 0 0 0 0 0 0 0 0 1
33.918 1 DOWNLINK_STATUS 34 16651 737 0 539. 25. -1.35336205867e+12
33.965 1 WP_MOVED 10 166189.796875 -13.8 75. 31
33.967 1 DL_VALUE 9 1.
34.150 1 NAVIGATION 2 1 0. 0. 0. 0. 0 0
34.168 1 GPS 0 0 0 0 0 0 0 0 0 0 1
34.265 1 ATTITUDE -0.065696 3.084785 0.006115
34.271 1 DESIRED 0. 0.01 0. 0. 0. 50. 0.
34.273 1 DOWNLINK 0 484 1025
34.364 1 ESTIMATOR 0. 0.
34.368 1 BAT 0 0 0 0 1 37 37 0
34.400 1 NAVIGATION 2 1 0. 0. 0. 0. 0 0
34.418 1 GPS 0 0 0 0 0 0 0 0 0 0 1
34.465 1 WP_MOVED 11 165906.5 162.300003 75. 31
34.469 1 IMU_GYRO 0.00415 0.016846 -0.032959
34.650 1 NAVIGATION 2 1 0. 0. 0. 0. 0 0
34.668 1 GPS 0 0 0 0 0 0 0 0 0 0 1
34.672 1 NAVIGATION 2 1 0. 0. 0. 0. 0 0
34.765 1 ATTITUDE -0.065714 3.083976 0.006221
34.864 1 ESTIMATOR 0. 0.
34.900 1 NAVIGATION 2 1 0. 0. 0. 0. 0 0
34.918 1 GPS 0 0 0 0 0 0 0 0 0 0 1
34.918 1 DOWNLINK_STATUS 35 17111 757 0 460. 20. -1.35336205867e+12
34.965 1 WP_MOVED 0 166063. 42. 75. 31
35.148 1 FBW_STATUS 2 0 1 0 0
35.152 1 NAVIGATION 2 1 0. 0. 0. 0. 0 0
35.168 1 GPS 0 0 0 0 0 0 0 0 0 0 1
35.265 1 ATTITUDE -0.06564 3.083102 0.006112
35.318 1 DESIRED 0. 0.01 0. 0. 0. 50. 0.
35.364 1 ESTIMATOR 0. 0.
35.368 1 ENERGY 0. 0. 0 0.
35.400 1 NAVIGATION 2 1 0. 0. 0. 0. 0 0
35.418 1 GPS 0 0 0 0 0 0 0 0 0 0 1
35.465 1 WP_MOVED 1 166021. 0. 75. 31
35.469 1 BAT 0 0 0 0 1 38 38 0
35.471 1 DL_VALUE 10 0.
35.565 1 IMU_GYRO 0.006348 0.014893 -0.033936
35.568 1 GPS_SOL 0 0 0 0
35.650 1 NAVIGATION 2 1 0. 0. 0. 0. 0 0
35.668 1 GPS 0 0 0 0 0 0 0 0 0 0 1
35.672 1 NAVIGATION 2 1 0. 0. 0. 0. 0 0
35.765 1 ATTITUDE -0.06543 3.082284 0.006081
35.864 1 ESTIMATOR 0. 0.
35.900 1 NAVIGATION 2 1 0. 0. 0. 0. 0 0
35.918 1 GPS 0 0 0 0 0 0 0 0 0 0 1
35.918 1 DOWNLINK_STATUS 36 17611 779 0 500. 22. -1.35336206367e+12
35.965 1 WP_MOVED 2 166070.5 100.099998 75. 31
35.967 1 CALIBRATION 0. 0
36.150 1 NAVIGATION 2 1 0. 0. 0. 0. 0 0
36.168 1 GPS 0 0 0 0 0 0 0 0 0 0 1
36.265 1 ATTITUDE -0.065315 3.081386 0.006046
36.364 1 ESTIMATOR 0. 0.
36.370 1 DESIRED 0. 0.01 0. 0. 0. 50. 0.
36.400 1 NAVIGATION 2 1 0. 0. 0. 0. 0 0
36.418 1 GPS 0 0 0 0 0 0 0 0 0 0 1
36.465 1 WP_MOVED 3 166031.09375 189.899994 75. 31
36.565 1 BAT 0 0 0 0 1 39 39 0
36.650 1 NAVIGATION 2 1 0. 0. 0. 0. 0 0
36.668 1 GPS 0 0 0 0 0 0 0 0 0 0 1
36.672 1 NAVIGATION 2 1 0. 0. 0. 0. 0 0
36.675 1 IMU_GYRO 0.00415 0.015869 -0.033936
36.765 1 ATTITUDE -0.065266 3.080502 0.005951
36.864 1 ESTIMATOR 0. 0.
36.900 1 NAVIGATION 2 1 0. 0. 0. 0. 0 0
36.918 1 GPS 0 0 0 0 0 0 0 0 0 0 1
36.927 1 DOWNLINK_STATUS 37 18060 798 0 449. 19. -1.35336206367e+12
36.965 1 WP_MOVED 4 166153.296875 139.100006 75. 31
36.967 1 DL_VALUE 0 0.
37.148 1 FBW_STATUS 2 0 1 0 0
37.152 1 NAVIGATION 2 1 0. 0. 0. 0. 0 0
37.168 1 GPS 0 0 0 0 0 0 0 0 0 0 1
37.248 1 COMMANDS 0,483,44,0
37.265 1 ATTITUDE -0.065257 3.079671 0.005939
37.348 1 ACTUATORS 0,1120,1516,1449,1525,1525
37.364 1 ESTIMATOR 0. 0.
37.400 1 NAVIGATION 2 1 0. 0. 0. 0. 0 0
37.419 1 GPS 0 0 0 0 0 0 0 0 0 0 1
37.423 1 DESIRED 0. 0.01 0. 0. 0. 50. 0.
37.465 1 WP_MOVED 5 166158. -11.6 75. 31
37.565 1 GPS_SOL 0 0 0 0
37.650 1 NAVIGATION 2 1 0. 0. 0. 0. 0 0
37.668 1 GPS 0 0 0 0 0 0 0 0 0 0 1
37.672 1 NAVIGATION 2 1 0. 0. 0. 0. 0 0
37.675 1 BAT 0 0 0 0 1 40 40 0
37.765 1 ATTITUDE -0.065251 3.078747 0.005838
37.768 1 IMU_GYRO 0.006348 0.016846 -0.032959
37.864 1 ESTIMATOR 0. 0.
37.868 1 ENERGY 0. 0. 0 0.
37.900 1 NAVIGATION 2 1 0. 0. 0. 0. 0 0
37.917 1 GPS 0 0 0 0 0 0 0 0 0 0 1
37.920 1 DOWNLINK_STATUS 38 18594 822 0 534. 24. -1.35336206367e+12
37.965 1 WP_MOVED 6 165901.796875 69.599998 75. 31
37.973 1 ALIVE 116,139,88,251,143,243,133,129,57,106,156,90,54,41,39,65
38.064 1 CALIBRATION 0. 0
38.066 1 PPRZ_MODE 2 1 2 0 0 6
38.150 1 NAVIGATION 2 1 0. 0. 0. 0. 0 0
38.167 1 GPS 0 0 0 0 0 0 0 0 0 0 1
38.265 1 ATTITUDE -0.065214 3.077873 0.005745
38.266 1 STATE_FILTER_STATUS 3 0
38.364 1 ESTIMATOR 0. 0.
38.400 1 NAVIGATION 2 1 0. 0. 0. 0. 0 0
38.417 1 GPS 0 0 0 0 0 0 0 0 0 0 1
38.465 1 WP_MOVED 7 166295.40625 209.5 75. 31
38.471 1 DESIRED 0. 0.01 0. 0. 0. 50. 0.
38.473 1 DL_VALUE 1 0.
38.650 1 NAVIGATION 2 1 0. 0. 0. 0. 0 0
38.667 1 GPS 0 0 0 0 0 0 0 0 0 0 1
38.672 1 NAVIGATION 2 1 0. 0. 0. 0. 0 0
38.765 1 ATTITUDE -0.065191 3.076952 0.005656
38.768 1 BAT 0 0 0 0 1 41 41 0
38.864 1 ESTIMATOR 0. 0.
38.867 1 IMU_GYRO 0.00415 0.015869 -0.032959
38.900 1 NAVIGATION 2 1 0. 0. 0. 0. 0 0
38.917 1 GPS 0 0 0 0 0 0 0 0 0 0 1
38.921 1 DOWNLINK_STATUS 39 19098 845 0 504. 23. -1.35336206367e+12
38.965 1 WP_MOVED 8 166198.40625 45.099998 30. 31
39.147 1 FBW_STATUS 2 0 1 0 0
39.152 1 NAVIGATION 2 1 0. 0. 0. 0. 0 0
39.167 1 GPS 0 0 0 0 0 0 0 0 0 0 1
39.265 1 ATTITUDE -0.065222 3.076057 0.005591
39.365 1 ESTIMATOR 0. 0.
39.368 1 DOWNLINK 0 476 1133
39.400 1 NAVIGATION 2 1 0. 0. 0. 0. 0 0
39.417 1 GPS 0 0 0 0 0 0 0 0 0 0 1
39.465 1 WP_MOVED 9 166049.796875 57. 0. 31
39.518 1 DESIRED 0. 0.01 0. 0. 0. 50. 0.
39.565 1 GPS_SOL 0 0 0 0
39.650 1 NAVIGATION 2 1 0. 0. 0. 0. 0 0
39.667 1 GPS 0 0 0 0 0 0 0 0 0 0 1
39.672 1 NAVIGATION 2 1 0. 0. 0. 0. 0 0
39.765 1 ATTITUDE -0.065261 3.075224 0.005473
39.864 1 ESTIMATOR 0. 0.
39.868 1 BAT 0 0 0 0 1 42 42 0
39.899 1 NAVIGATION 2 1 0. 0. 0. 0. 0 0
39.917 1 GPS 0 0 0 0 0 0 0 0 0 0 1
39.922 1 DOWNLINK_STATUS 40 19560 865 0 462. 20. -1.35336206367e+12
39.965 1 WP_MOVED 10 166189.796875 -13.8 75. 31
39.968 1 IMU_GYRO 0.00415 0.015869 -0.033936
39.970 1 DL_VALUE 2 50.
40.153 1 NAVIGATION 2 1 0. 0. 0. 0. 0 0
40.167 1 GPS 0 0 0 0 0 0 0 0 0 0 1
40.169 1 CALIBRATION 0. 0
40.265 1 ATTITUDE -0.065165 3.074339 0.005415
40.364 1 ESTIMATOR 0. 0.
40.369 1 ENERGY 0. 0. 0 0.
40.399 1 NAVIGATION 2 1 0. 0. 0. 0. 0 0
40.417 1 GPS 0 0 0 0 0 0 0 0 0 0 1
40.465 1 WP_MOVED 11 165906.5 162.300003 75. 31
40.568 1 DESIRED 0. 0.01 0. 0. 0. 50. 0.
40.650 1 NAVIGATION 2 1 0. 0. 0. 0. 0 0
40.667 1 GPS 0 0 0 0 0 0 0 0 0 0 1
40.672 1 NAVIGATION 2 1 0. 0. 0. 0. 0 0
40.765 1 ATTITUDE -0.065182 3.073506 0.005297
40.864 1 ESTIMATOR 0. 0.
40.899 1 NAVIGATION 2 1 0. 0. 0. 0. 0 0
40.917 1 GPS 0 0 0 0 0 0 0 0 0 0 1
40.923 1 DOWNLINK_STATUS 41 20020 885 0 460. 20. -1.35336206867e+12
40.965 1 WP_MOVED 0 166063. 42. 75. 31
40.969 1 BAT 0 0 0 0 1 43 43 0
41.065 1 IMU_GYRO 0.006348 0.015869 -0.034912
41.147 1 FBW_STATUS 2 0 1 0 0
41.152 1 NAVIGATION 2 1 0. 0. 0. 0. 0 0
41.167 1 GPS 0 0 0 0 0 0 0 0 0 0 1
41.265 1 ATTITUDE -0.065217 3.07259 0.005249
41.364 1 ESTIMATOR 0. 0.
41.399 1 NAVIGATION 2 1 0. 0. 0. 0. 0 0
41.417 1 GPS 0 0 0 0 0 0 0 0 0 0 1
41.465 1 WP_MOVED 1 166021. 0. 75. 31
41.467 1 DL_VALUE 3 0.
41.565 1 GPS_SOL 0 0 0 0
41.617 1 DESIRED 0. 0.01 0. 0. 0. 50. 0.
41.649 1 NAVIGATION 2 1 0. 0. 0. 0. 0 0
41.667 1 GPS 0 0 0 0 0 0 0 0 0 0 1
41.672 1 NAVIGATION 2 1 0. 0. 0. 0. 0 0
41.765 1 ATTITUDE -0.065226 3.071774 0.005143
41.864 1 ESTIMATOR 0. 0.
41.899 1 NAVIGATION 2 1 0. 0. 0. 0. 0 0
41.917 1 GPS 0 0 0 0 0 0 0 0 0 0 1
41.924 1 DOWNLINK_STATUS 42 20500 906 0 480. 21. -1.35336206867e+12
41.965 1 WP_MOVED 2 166070.5 100.099998 75. 31
42.065 1 BAT 0 0 0 0 1 44 44 0
42.150 1 NAVIGATION 2 1 0. 0. 0. 0. 0 0
42.167 1 GPS 0 0 0 0 0 0 0 0 0 0 1
42.170 1 IMU_GYRO 0.00415 0.016846 -0.033936
42.247 1 COMMANDS 0,483,62,0
42.265 1 ATTITUDE -0.065346 3.070959 0.005057
42.267 1 CALIBRATION 0. 0
42.348 1 ACTUATORS 0,1120,1517,1449,1525,1525
42.364 1 ESTIMATOR 0. 0.
42.399 1 NAVIGATION 2 1 0. 0. 0. 0. 0 0
42.417 1 GPS 0 0 0 0 0 0 0 0 0 0 1
42.465 1 WP_MOVED 3 166031.09375 189.899994 75. 31
42.468 1 NAVIGATION_REF 166021 0 31
42.650 1 NAVIGATION 2 1 0. 0. 0. 0. 0 0
42.667 1 GPS 0 0 0 0 0 0 0 0 0 0 1
42.672 1 NAVIGATION 2 1 0. 0. 0. 0. 0 0
42.678 1 DESIRED 0. 0.01 0. 0. 0. 50. 0.
42.765 1 ATTITUDE -0.065469 3.070209 0.005065
42.865 1 ESTIMATOR 0. 0.
42.867 1 ENERGY 0. 0. 0 0.
42.899 1 NAVIGATION 2 1 0. 0. 0. 0. 0 0
42.917 1 GPS 0 0 0 0 0 0 0 0 0 0 1
42.925 1 DOWNLINK_STATUS 43 21018 929 0 518. 23. -1.35336206867e+12
42.968 1 WP_MOVED 4 166153.296875 139.100006 75. 31
42.968 1 DL_VALUE 4 0.
42.971 1 ALIVE 116,139,88,251,143,243,133,129,57,106,156,90,54,41,39,65
43.064 1 PPRZ_MODE 2 1 2 0 0 6
43.147 1 FBW_STATUS 2 0 1 0 0
43.152 1 NAVIGATION 2 1 0. 0. 0. 0. 0 0
43.167 1 GPS 0 0 0 0 0 0 0 0 0 0 1
43.171 1 BAT 0 0 0 0 1 46 46 0
43.265 1 ATTITUDE -0.065436 3.069298 0.00495
43.268 1 IMU_GYRO 0.00415 0.015869 -0.033936
43.269 1 STATE_FILTER_STATUS 3 0
43.364 1 ESTIMATOR 0. 0.
43.372 1 WIND_INFO 1 42 0. 0. 0.
43.399 1 NAVIGATION 2 1 0. 0. 0. 0. 0 0
43.417 1 GPS 0 0 0 0 0 0 0 0 0 0 1
43.465 1 WP_MOVED 5 166158. -11.6 75. 31
43.564 1 GPS_SOL 0 0 0 0
43.649 1 NAVIGATION 2 1 0. 0. 0. 0. 0 0
43.667 1 GPS 0 0 0 0 0 0 0 0 0 0 1
43.672 1 NAVIGATION 2 1 0. 0. 0. 0. 0 0
43.717 1 DESIRED 0. 0.01 0. 0. 0. 50. 0.
43.765 1 ATTITUDE -0.065393 3.068344 0.004883
43.864 1 ESTIMATOR 0. 0.
43.899 1 NAVIGATION 2 1 0. 0. 0. 0. 0 0
43.917 1 GPS 0 0 0 0 0 0 0 0 0 0 1
43.927 1 DOWNLINK_STATUS 44 21542 953 0 524. 24. -1.35336206867e+12
43.966 1 WP_MOVED 6 165901.796875 69.599998 75. 31
44.150 1 NAVIGATION 2 1 0. 0. 0. 0. 0 0
44.167 1 GPS 0 0 0 0 0 0 0 0 0 0 1
44.264 1 ATTITUDE -0.06538 3.067405 0.004789
44.268 1 BAT 0 0 0 0 1 47 47 0
44.364 1 ESTIMATOR 0. 0.
44.367 1 IMU_GYRO 0.00415 0.015869 -0.033936
44.369 1 CALIBRATION 0. 0
44.399 1 NAVIGATION 2 1 0. 0. 0. 0. 0 0
44.417 1 GPS 0 0 0 0 0 0 0 0 0 0 1
44.465 1 WP_MOVED 7 166295.40625 209.5 75. 31
44.467 1 DL_VALUE 5 0.
44.469 1 DOWNLINK 0 503 1247
44.650 1 NAVIGATION 2 1 0. 0. 0. 0. 0 0
44.667 1 GPS 0 0 0 0 0 0 0 0 0 0 1
44.672 1 NAVIGATION 2 1 0. 0. 0. 0. 0 0
44.764 1 ATTITUDE -0.065423 3.066424 0.004661
44.770 1 DESIRED 0. 0.01 0. 0. 0. 50. 0.
44.864 1 ESTIMATOR 0. 0.
44.899 1 NAVIGATION 2 1 0. 0. 0. 0. 0 0
44.917 1 GPS 0 0 0 0 0 0 0 0 0 0 1
44.927 1 DOWNLINK_STATUS 45 22013 974 0 471. 21. -1.35336206867e+12
44.965 1 WP_MOVED 8 166198.40625 45.099998 30. 31
45.147 1 FBW_STATUS 2 0 1 0 0
45.152 1 NAVIGATION 2 1 0. 0. 0. 0. 0 0
45.167 1 GPS 0 0 0 0 0 0 0 0 0 0 1
45.264 1 ATTITUDE -0.065361 3.065533 0.004573
45.364 1 ESTIMATOR 0. 0.
45.367 1 BAT 0 0 0 0 1 48 48 0
45.371 1 ENERGY 0. 0. 0 0.
45.399 1 NAVIGATION 2 1 0. 0. 0. 0. 0 0
45.417 1 GPS 0 0 0 0 0 0 0 0 0 0 1
45.465 1 WP_MOVED 9 166049.796875 57. 0. 31
45.468 1 IMU_GYRO 0.00415 0.015869 -0.033936
45.564 1 GPS_SOL 0 0 0 0
45.650 1 NAVIGATION 2 1 0. 0. 0. 0. 0 0
45.667 1 GPS 0 0 0 0 0 0 0 0 0 0 1
45.672 1 NAVIGATION 2 1 0. 0. 0. 0. 0 0
45.764 1 ATTITUDE -0.065394 3.064626 0.004601
45.818 1 DESIRED 0. 0.01 0. 0. 0. 50. 0.
45.864 1 ESTIMATOR 0. 0.
45.899 1 NAVIGATION 2 1 0. 0. 0. 0. 0 0
45.917 1 GPS 0 0 0 0 0 0 0 0 0 0 1
45.927 1 DOWNLINK_STATUS 46 22502 995 0 489. 21. -1.35336207367e+12
45.965 1 WP_MOVED 10 166189.796875 -13.8 75. 31
45.967 1 DL_VALUE 6 100.
46.150 1 NAVIGATION 2 1 0. 0. 0. 0. 0 0
46.167 1 GPS 0 0 0 0 0 0 0 0 0 0 1
46.264 1 ATTITUDE -0.065376 3.063688 0.004476
46.364 1 ESTIMATOR 0. 0.
46.399 1 NAVIGATION 2 1 0. 0. 0. 0. 0 0
46.417 1 GPS 0 0 0 0 0 0 0 0 0 0 1
46.465 1 WP_MOVED 11 165906.5 162.300003 75. 31
46.468 1 BAT 0 0 0 0 1 49 49 0
46.470 1 CALIBRATION 0. 0
46.564 1 IMU_GYRO 0.00415 0.016846 -0.033936
46.650 1 NAVIGATION 2 1 0. 0. 0. 0. 0 0
46.668 1 GPS 0 0 0 0 0 0 0 0 0 0 1
46.671 1 NAVIGATION 2 1 0. 0. 0. 0. 0 0
46.764 1 ATTITUDE -0.065439 3.062843 0.004466
46.864 1 ESTIMATOR 0. 0.
46.870 1 DESIRED 0. 0.01 0. 0. 0. 50. 0.
46.899 1 NAVIGATION 2 1 0. 0. 0. 0. 0 0
46.917 1 GPS 0 0 0 0 0 0 0 0 0 0 1
46.928 1 DOWNLINK_STATUS 47 22962 1015 0 460. 20. -1.35336207367e+12
46.965 1 WP_MOVED 0 166063. 42. 75. 31
47.147 1 FBW_STATUS 2 0 1 0 0
47.151 1 NAVIGATION 2 1 0. 0. 0. 0. 0 0
47.167 1 GPS 0 0 0 0 0 0 0 0 0 0 1
47.247 1 COMMANDS 0,484,73,0
47.264 1 ATTITUDE -0.065433 3.061896 0.00448
47.348 1 ACTUATORS 0,1120,1517,1449,1525,1525
47.364 1 ESTIMATOR 0. 0.
47.399 1 NAVIGATION 2 1 0. 0. 0. 0. 0 0
47.417 1 GPS 0 0 0 0 0 0 0 0 0 0 1
47.465 1 WP_MOVED 1 166021. 0. 75. 31
47.467 1 DL_VALUE 7 2.
47.565 1 BAT 0 0 0 0 1 50 50 0
47.568 1 GPS_SOL 0 0 0 0
47.649 1 NAVIGATION 2 1 0. 0. 0. 0. 0 0
47.667 1 GPS 0 0 0 0 0 0 0 0 0 0 1
47.671 1 NAVIGATION 2 1 0. 0. 0. 0. 0 0
47.675 1 IMU_GYRO 0.00415 0.016846 -0.033936
47.764 1 ATTITUDE -0.065417 3.060912 0.004477
47.864 1 ESTIMATOR 0. 0.
47.867 1 ENERGY 0. 0. 0 0.
47.899 1 NAVIGATION 2 1 0. 0. 0. 0. 0 0
47.917 1 GPS 0 0 0 0 0 0 0 0 0 0 1
47.923 1 DESIRED 0. 0.01 0. 0. 0. 50. 0.
47.932 1 DOWNLINK_STATUS 48 23496 1039 0 534. 24. -1.35336207367e+12
47.965 1 WP_MOVED 2 166070.5 100.099998 75. 31
47.969 1 ALIVE 116,139,88,251,143,243,133,129,57,106,156,90,54,41,39,65
48.063 1 PPRZ_MODE 2 1 2 0 0 6
48.149 1 NAVIGATION 2 1 0. 0. 0. 0. 0 0
48.167 1 GPS 0 0 0 0 0 0 0 0 0 0 1
48.264 1 ATTITUDE -0.065421 3.059956 0.004458
48.266 1 STATE_FILTER_STATUS 3 0
48.364 1 ESTIMATOR 0. 0.
48.399 1 NAVIGATION 2 1 0. 0. 0. 0. 0 0
48.418 1 GPS 0 0 0 0 0 0 0 0 0 0 1
48.465 1 WP_MOVED 3 166031.09375 189.899994 75. 31
48.563 1 CALIBRATION 0. 0
48.649 1 NAVIGATION 2 1 0. 0. 0. 0. 0 0
48.667 1 GPS 0 0 0 0 0 0 0 0 0 0 1
48.671 1 NAVIGATION 2 1 0. 0. 0. 0. 0 0
48.675 1 BAT 0 0 0 0 1 51 51 0
48.764 1 ATTITUDE -0.065284 3.058957 0.00451
48.767 1 IMU_GYRO 0.006348 0.015869 -0.033936
48.864 1 ESTIMATOR 0. 0.
48.899 1 NAVIGATION 2 1 0. 0. 0. 0. 0 0
48.920 1 GPS 0 0 0 0 0 0 0 0 0 0 1
48.933 1 DOWNLINK_STATUS 49 23955 1060 0 459. 21. -1.35336207367e+12
48.965 1 WP_MOVED 4 166153.296875 139.100006 75. 31
48.970 1 DESIRED 0. 0.01 0. 0. 0. 50. 0.
48.972 1 DL_VALUE 8 0.
49.147 1 FBW_STATUS 2 0 1 0 0
49.151 1 NAVIGATION 2 1 0. 0. 0. 0. 0 0
49.167 1 GPS 0 0 0 0 0 0 0 0 0 0 1
49.264 1 ATTITUDE -0.065379 3.058003 0.004476
49.364 1 ESTIMATOR 0. 0.
49.399 1 NAVIGATION 2 1 0. 0. 0. 0. 0 0
49.417 1 GPS 0 0 0 0 0 0 0 0 0 0 1
49.465 1 WP_MOVED 5 166158. -11.6 75. 31
49.564 1 GPS_SOL 0 0 0 0
49.566 1 DOWNLINK 0 476 1354
49.649 1 NAVIGATION 2 1 0. 0. 0. 0. 0 0
49.667 1 GPS 0 0 0 0 0 0 0 0 0 0 1
49.671 1 NAVIGATION 2 1 0. 0. 0. 0. 0 0
49.764 1 ATTITUDE -0.065352 3.057039 0.004591
49.768 1 BAT 0 0 0 0 1 52 52 0
49.863 1 ESTIMATOR 0. 0.
49.867 1 IMU_GYRO 0.00415 0.015869 -0.034912
49.899 1 NAVIGATION 2 1 0. 0. 0. 0. 0 0
49.917 1 GPS 0 0 0 0 0 0 0 0 0 0 1
49.933 1 DOWNLINK_STATUS 50 24446 1082 0 491. 22. -1.35336207367e+12
49.965 1 WP_MOVED 6 165901.796875 69.599998 75. 31
50.017 1 DESIRED 0. 0.01 0. 0. 0. 50. 0.
50.149 1 NAVIGATION 2 1 0. 0. 0. 0. 0 0
50.167 1 GPS 0 0 0 0 0 0 0 0 0 0 1
50.264 1 ATTITUDE -0.06537 3.056125 0.004552
50.363 1 ESTIMATOR 0. 0.
50.367 1 ENERGY 0. 0. 0 0.
50.399 1 NAVIGATION 2 1 0. 0. 0. 0. 0 0
50.417 1 GPS 0 0 0 0 0 0 0 0 0 0 1
50.464 1 WP_MOVED 7 166295.40625 209.5 75. 31
50.466 1 DL_VALUE 9 1.
50.649 1 NAVIGATION 2 1 0. 0. 0. 0. 0 0
50.667 1 GPS 0 0 0 0 0 0 0 0 0 0 1
50.671 1 NAVIGATION 2 1 0. 0. 0. 0. 0 0
50.673 1 CALIBRATION 0. 0
50.764 1 ATTITUDE -0.06528 3.05512 0.004573
50.863 1 ESTIMATOR 0. 0.
50.867 1 BAT 0 0 0 0 1 53 53 0
50.899 1 NAVIGATION 2 1 0. 0. 0. 0. 0 0
50.917 1 GPS 0 0 0 0 0 0 0 0 0 0 1
50.936 1 DOWNLINK_STATUS 51 24908 1102 0 462. 20. -1.35336207867e+12
50.964 1 WP_MOVED 8 166198.40625 45.099998 30. 31
50.968 1 IMU_GYRO 0.006348 0.016846 -0.033936
51.067 1 DESIRED 0. 0.01 0. 0. 0. 50. 0.
51.149 1 NAVIGATION 2 1 0. 0. 0. 0. 0 0
51.152 1 FBW_STATUS 2 0 1 0 0
51.167 1 GPS 0 0 0 0 0 0 0 0 0 0 1
51.264 1 ATTITUDE -0.06538 3.054144 0.004615
51.363 1 ESTIMATOR 0. 0.
51.399 1 NAVIGATION 2 1 0. 0. 0. 0. 0 0
51.417 1 GPS 0 0 0 0 0 0 0 0 0 0 1
51.464 1 WP_MOVED 9 166049.796875 57. 0. 31
51.467 1 NAVIGATION_REF 166021 0 31
51.564 1 GPS_SOL 0 0 0 0
51.649 1 NAVIGATION 2 1 0. 0. 0. 0. 0 0
51.667 1 GPS 0 0 0 0 0 0 0 0 0 0 1
51.671 1 NAVIGATION 2 1 0. 0. 0. 0. 0 0
51.764 1 ATTITUDE -0.065356 3.053239 0.004565
51.863 1 ESTIMATOR 0. 0.
51.899 1 NAVIGATION 2 1 0. 0. 0. 0. 0 0
51.917 1 GPS 0 0 0 0 0 0 0 0 0 0 1
51.937 1 DOWNLINK_STATUS 52 25372 1122 0 464. 20. -1.35336207867e+12
51.964 1 WP_MOVED 10 166189.796875 -13.8 75. 31
51.968 1 BAT 0 0 0 0 1 54 54 0
51.970 1 DL_VALUE 10 0.
52.064 1 IMU_GYRO 0.00415 0.016846 -0.033936
52.117 1 DESIRED 0. 0.01 0. 0. 0. 50. 0.
52.149 1 NAVIGATION 2 1 0. 0. 0. 0. 0 0
52.167 1 GPS 0 0 0 0 0 0 0 0 0 0 1
52.247 1 COMMANDS 0,483,74,0
52.264 1 ATTITUDE -0.065375 3.05228 0.004446
52.348 1 ACTUATORS 0,1120,1517,1449,1525,1525
52.363 1 ESTIMATOR 0. 0.
52.399 1 NAVIGATION 2 1 0. 0. 0. 0. 0 0
52.417 1 GPS 0 0 0 0 0 0 0 0 0 0 1
52.464 1 WP_MOVED 11 165906.5 162.300003 75. 31
52.649 1 NAVIGATION 2 1 0. 0. 0. 0. 0 0
52.667 1 GPS 0 0 0 0 0 0 0 0 0 0 1
52.671 1 NAVIGATION 2 1 0. 0. 0. 0. 0 0
52.764 1 ATTITUDE -0.065481 3.051304 0.004449
52.766 1 CALIBRATION 0. 0
52.863 1 ESTIMATOR 0. 0.
52.867 1 ENERGY 0. 0. 0 0.
52.899 1 NAVIGATION 2 1 0. 0. 0. 0. 0 0
52.917 1 GPS 0 0 0 0 0 0 0 0 0 0 1
52.937 1 DOWNLINK_STATUS 53 25886 1145 0 514. 23. -1.35336207867e+12
52.964 1 WP_MOVED 0 166063. 42. 75. 31
52.968 1 ALIVE 116,139,88,251,143,243,133,129,57,106,156,90,54,41,39,65
53.064 1 BAT 0 0 0 0 1 55 55 0
53.066 1 PPRZ_MODE 2 1 2 0 0 6
53.149 1 FBW_STATUS 2 0 1 0 0
53.151 1 NAVIGATION 2 1 0. 0. 0. 0. 0 0
53.167 1 GPS 0 0 0 0 0 0 0 0 0 0 1
53.172 1 DESIRED 0. 0.01 0. 0. 0. 50. 0.
53.176 1 IMU_GYRO 0.006348 0.018066 -0.033936
53.264 1 ATTITUDE -0.065422 3.050351 0.004421
53.266 1 STATE_FILTER_STATUS 3 0
53.363 1 ESTIMATOR 0. 0.
53.372 1 WIND_INFO 1 42 0. 0. 0.
53.399 1 NAVIGATION 2 1 0. 0. 0. 0. 0 0
53.417 1 GPS 0 0 0 0 0 0 0 0 0 0 1
53.464 1 WP_MOVED 1 166021. 0. 75. 31
53.466 1 DL_VALUE 0 0.
53.564 1 GPS_SOL 0 0 0 0
53.649 1 NAVIGATION 2 1 0. 0. 0. 0. 0 0
53.667 1 GPS 0 0 0 0 0 0 0 0 0 0 1
53.671 1 NAVIGATION 2 1 0. 0. 0. 0. 0 0
53.764 1 ATTITUDE -0.065244 3.04953 0.004324
53.863 1 ESTIMATOR 0. 0.
53.899 1 NAVIGATION 2 1 0. 0. 0. 0. 0 0
53.917 1 GPS 0 0 0 0 0 0 0 0 0 0 1
53.938 1 DOWNLINK_STATUS 54 26410 1169 0 524. 24. -1.35336207867e+12
53.964 1 WP_MOVED 2 166070.5 100.099998 75. 31
54.149 1 NAVIGATION 2 1 0. 0. 0. 0. 0 0
54.167 1 GPS 0 0 0 0 0 0 0 0 0 0 1
54.170 1 BAT 0 0 0 0 1 57 57 0
54.217 1 DESIRED 0. 0.01 0. 0. 0. 50. 0.
54.264 1 ATTITUDE -0.065268 3.048519 0.004294
54.267 1 IMU_GYRO 0.00415 0.015869 -0.034912
54.363 1 ESTIMATOR 0. 0.
54.399 1 NAVIGATION 2 1 0. 0. 0. 0. 0 0
54.417 1 GPS 0 0 0 0 0 0 0 0 0 0 1
54.464 1 WP_MOVED 3 166031.09375 189.899994 75. 31
54.649 1 NAVIGATION 2 1 0. 0. 0. 0. 0 0
54.667 1 GPS 0 0 0 0 0 0 0 0 0 0 1
54.673 1 NAVIGATION 2 1 0. 0. 0. 0. 0 0
54.673 1 DOWNLINK 0 497 1465
54.764 1 ATTITUDE -0.065316 3.04759 0.004334
54.863 1 ESTIMATOR 0. 0.
54.865 1 CALIBRATION 0. 0
54.899 1 NAVIGATION 2 1 0. 0. 0. 0. 0 0
54.916 1 GPS 0 0 0 0 0 0 0 0 0 0 1
54.939 1 DOWNLINK_STATUS 55 26870 1189 0 460. 20. -1.35336207867e+12
54.964 1 WP_MOVED 4 166153.296875 139.100006 75. 31
54.966 1 DL_VALUE 1 0.
55.146 1 FBW_STATUS 2 0 1 0 0
55.151 1 NAVIGATION 2 1 0. 0. 0. 0. 0 0
55.166 1 GPS 0 0 0 0 0 0 0 0 0 0 1
55.264 1 ATTITUDE -0.065348 3.046628 0.004284
55.270 1 DESIRED 0. 0.01 0. 0. 0. 50. 0.
55.273 1 BAT 0 0 0 0 1 58 58 0
55.363 1 ESTIMATOR 0. 0.
55.366 1 IMU_GYRO 0.00415 0.015869 -0.034912
55.370 1 ENERGY 0. 0. 0 0.
55.399 1 NAVIGATION 2 1 0. 0. 0. 0. 0 0
55.416 1 GPS 0 0 0 0 0 0 0 0 0 0 1
55.464 1 WP_MOVED 5 166158. -11.6 75. 31
55.564 1 GPS_SOL 0 0 0 0
55.649 1 NAVIGATION 2 1 0. 0. 0. 0. 0 0
55.666 1 GPS 0 0 0 0 0 0 0 0 0 0 1
55.671 1 NAVIGATION 2 1 0. 0. 0. 0. 0 0
55.764 1 ATTITUDE -0.065448 3.045654 0.00427
55.863 1 ESTIMATOR 0. 0.
55.899 1 NAVIGATION 2 1 0. 0. 0. 0. 0 0
55.916 1 GPS 0 0 0 0 0 0 0 0 0 0 1
55.940 1 DOWNLINK_STATUS 56 27370 1211 0 500. 22. -1.35336208367e+12
55.964 1 WP_MOVED 6 165901.796875 69.599998 75. 31
56.149 1 NAVIGATION 2 1 0. 0. 0. 0. 0 0
56.166 1 GPS 0 0 0 0 0 0 0 0 0 0 1
56.264 1 ATTITUDE -0.065413 3.044733 0.0042
56.317 1 DESIRED 0. 0.01 0. 0. 0. 50. 0.
56.363 1 ESTIMATOR 0. 0.
56.367 1 BAT 0 0 0 0 1 59 59 0
56.399 1 NAVIGATION 2 1 0. 0. 0. 0. 0 0
56.416 1 GPS 0 0 0 0 0 0 0 0 0 0 1
56.464 1 WP_MOVED 7 166295.40625 209.5 75. 31
56.467 1 IMU_GYRO 0.00415 0.016846 -0.033936
56.469 1 DL_VALUE 2 50.
56.649 1 NAVIGATION 2 1 0. 0. 0. 0. 0 0
56.666 1 GPS 0 0 0 0 0 0 0 0 0 0 1
56.671 1 NAVIGATION 2 1 0. 0. 0. 0. 0 0
56.764 1 ATTITUDE -0.06531 3.043844 0.004212
56.863 1 ESTIMATOR 0. 0.
56.898 1 NAVIGATION 2 1 0. 0. 0. 0. 0 0
56.916 1 GPS 0 0 0 0 0 0 0 0 0 0 1
56.941 1 DOWNLINK_STATUS 57 27819 1230 0 449. 19. -1.35336208367e+12
56.964 1 WP_MOVED 8 166198.40625 45.099998 30. 31
56.966 1 CALIBRATION 0. 0
57.146 1 FBW_STATUS 2 0 1 0 0
57.151 1 NAVIGATION 2 1 0. 0. 0. 0. 0 0
57.166 1 GPS 0 0 0 0 0 0 0 0 0 0 1
57.247 1 COMMANDS 0,482,81,0
57.264 1 ATTITUDE -0.065269 3.042954 0.004119
57.347 1 ACTUATORS 0,1120,1518,1449,1525,1525
57.363 1 ESTIMATOR 0. 0.
57.369 1 DESIRED 0. 0.01 0. 0. 0. 50. 0.
57.398 1 NAVIGATION 2 1 0. 0. 0. 0. 0 0
57.416 1 GPS 0 0 0 0 0 0 0 0 0 0 1
57.464 1 WP_MOVED 9 166049.796875 57. 0. 31
57.468 1 BAT 0 0 0 0 1 60 60 0
57.564 1 IMU_GYRO 0.00415 0.016846 -0.033936
57.568 1 GPS_SOL 0 0 0 0
57.649 1 NAVIGATION 2 1 0. 0. 0. 0. 0 0
57.666 1 GPS 0 0 0 0 0 0 0 0 0 0 1
57.671 1 NAVIGATION 2 1 0. 0. 0. 0. 0 0
57.764 1 ATTITUDE -0.065257 3.042098 0.004081
57.863 1 ESTIMATOR 0. 0.
57.866 1 ENERGY 0. 0. 0 0.
57.898 1 NAVIGATION 2 1 0. 0. 0. 0. 0 0
57.916 1 GPS 0 0 0 0 0 0 0 0 0 0 1
57.942 1 DOWNLINK_STATUS 58 28353 1254 0 534. 24. -1.35336208367e+12
57.964 1 WP_MOVED 10 166189.796875 -13.8 75. 31
57.966 1 DL_VALUE 3 0.
57.970 1 ALIVE 116,139,88,251,143,243,133,129,57,106,156,90,54,41,39,65
58.063 1 PPRZ_MODE 2 1 2 0 0 6
58.149 1 NAVIGATION 2 1 0. 0. 0. 0. 0 0
58.166 1 GPS 0 0 0 0 0 0 0 0 0 0 1
58.264 1 ATTITUDE -0.065146 3.041158 0.004094
58.265 1 STATE_FILTER_STATUS 3 0
58.363 1 ESTIMATOR 0. 0.
58.398 1 NAVIGATION 2 1 0. 0. 0. 0. 0 0
58.416 1 GPS 0 0 0 0 0 0 0 0 0 0 1
58.422 1 DESIRED 0. 0.01 0. 0. 0. 50. 0.
58.464 1 WP_MOVED 11 165906.5 162.300003 75. 31
58.564 1 BAT 0 0 0 0 1 61 61 0
58.649 1 NAVIGATION 2 1 0. 0. 0. 0. 0 0
58.666 1 GPS 0 0 0 0 0 0 0 0 0 0 1
58.671 1 NAVIGATION 2 1 0. 0. 0. 0. 0 0
58.674 1 IMU_GYRO 0.00415 0.015869 -0.033936
58.764 1 ATTITUDE -0.065071 3.040289 0.003979
58.863 1 ESTIMATOR 0. 0.
58.898 1 NAVIGATION 2 1 0. 0. 0. 0. 0 0
58.916 1 GPS 0 0 0 0 0 0 0 0 0 0 1
58.943 1 DOWNLINK_STATUS 59 28846 1276 0 493. 22. -1.35336208367e+12
58.964 1 WP_MOVED 0 166063. 42. 75. 31
59.062 1 CALIBRATION 0. 0
59.146 1 FBW_STATUS 2 0 1 0 0
59.151 1 NAVIGATION 2 1 0. 0. 0. 0. 0 0
59.166 1 GPS 0 0 0 0 0 0 0 0 0 0 1
59.264 1 ATTITUDE -0.065054 3.039379 0.003882
59.363 1 ESTIMATOR 0. 0.
59.398 1 NAVIGATION 2 1 0. 0. 0. 0. 0 0
59.416 1 GPS 0 0 0 0 0 0 0 0 0 0 1
59.464 1 WP_MOVED 1 166021. 0. 75. 31
59.470 1 DESIRED 0. 0.01 0. 0. 0. 50. 0.
59.472 1 DL_VALUE 4 0.
