3.610 1 GPS 0 0 0 0 0 0 0 0 0 0 1
3.711 1 ATTITUDE -0.0394 -1.180123 -0.141208
3.715 1 BAT 0 0 0 0 1 321 0 0
3.716 1 STATE_FILTER_STATUS 3 0
3.762 1 DESIRED 0. 0. 0. 0. 0. 50. 0.
3.807 1 ESTIMATOR 0. 0.
3.810 1 IMU_GYRO 0.00415 0.023193 -0.032959
3.840 1 NAVIGATION 0 2 0. 0. 0. 0. 0 0
3.861 1 GPS 0 0 0 0 0 0 0 0 0 0 1
3.908 1 WP_MOVED 7 360559.40625 4813804.5 75. 31
3.910 1 DL_VALUE 5 0.
4.055 1 DOWNLINK_STATUS 4 2322 103 1 513. 23. 0.
4.090 1 NAVIGATION 0 2 0. 0. 0. 0. 0 0
4.115 1 GPS 0 0 0 0 0 0 0 0 0 0 1
4.121 1 NAVIGATION 0 2 0. 0. 0. 0. 0 0
4.203 1 ATTITUDE -0.039488 -1.157183 -0.140976
4.302 1 ESTIMATOR 0. 0.
4.341 1 NAVIGATION 0 2 0. 0. 0. 0. 0 0
4.359 1 GPS 0 0 0 0 0 0 0 0 0 0 1
4.406 1 WP_MOVED 8 360462.40625 4813640. 30. 31
4.408 1 CALIBRATION 0. 0
4.590 1 FBW_STATUS 2 0 1 0 0
4.595 1 NAVIGATION 0 2 0. 0. 0. 0. 0 0
4.610 1 GPS 0 0 0 0 0 0 0 0 0 0 1
4.703 1 ATTITUDE -0.039434 -1.134304 -0.141132
4.813 1 ESTIMATOR 0. 0.
4.819 1 DESIRED 0. 0. 0. 0. 0. 50. 0.
4.822 1 BAT 0 0 0 0 1 322 0 0
4.840 1 NAVIGATION 0 2 0. 0. 0. 0. 0 0
4.861 1 GPS 0 0 0 0 0 0 0 0 0 0 1
4.909 1 WP_MOVED 9 360313.8125 4813652. 0. 31
4.912 1 IMU_GYRO 0.006348 0.018066 -0.033936
5.004 1 GPS_SOL 0 0 0 0
5.055 1 DOWNLINK_STATUS 5 2802 124 1 480. 21. 0.
5.091 1 NAVIGATION 0 2 0. 0. 0. 0. 0 0
5.118 1 GPS 0 0 0 0 0 0 0 0 0 0 1
5.124 1 NAVIGATION 0 2 0. 0. 0. 0. 0 0
5.125 1 DOWNLINK 0 502 6992
5.205 1 ATTITUDE -0.039345 -1.111348 -0.141181
5.302 1 ESTIMATOR 0. 0.
5.342 1 NAVIGATION 0 2 0. 0. 0. 0. 0 0
5.361 1 GPS 0 0 0 0 0 0 0 0 0 0 1
5.409 1 WP_MOVED 10 360453.8125 4813581. 75. 31
5.411 1 DL_VALUE 6 100.
5.579 1 PONG 
5.601 1 NAVIGATION 0 2 0. 0. 0. 0. 0 0
5.616 1 GPS 0 0 0 0 0 0 0 0 0 0 1
5.704 1 ATTITUDE -0.039412 -1.087948 -0.140939
5.807 1 ESTIMATOR 0. 0.
5.811 1 ENERGY 0. 0. 0 0.
5.840 1 NAVIGATION 0 2 0. 0. 0. 0. 0 0
5.869 1 GPS 0 0 0 0 0 0 0 0 0 0 1
5.875 1 DESIRED 0. 0. 0. 0. 0. 50. 0.
5.910 1 WP_MOVED 11 360170.5 4813757.5 75. 31
5.914 1 BAT 0 0 0 0 1 323 0 0
6.003 1 IMU_GYRO 0.008301 0.007324 -0.033936
6.056 1 DOWNLINK_STATUS 6 3288 146 1 486. 22. 26.76
6.092 1 NAVIGATION 0 2 0. 0. 0. 0. 0 0
6.116 1 GPS 0 0 0 0 0 0 0 0 0 0 1
6.120 1 NAVIGATION 0 2 0. 0. 0. 0. 0 0
6.205 1 ATTITUDE -0.039343 -1.065048 -0.141007
6.302 1 ESTIMATOR 0. 0.
6.341 1 NAVIGATION 0 2 0. 0. 0. 0. 0 0
6.359 1 GPS 0 0 0 0 0 0 0 0 0 0 1
6.407 1 WP_MOVED 0 360327. 4813637. 75. 31
6.500 1 CALIBRATION 0. 0
6.590 1 FBW_STATUS 2 0 1 0 0
6.594 1 NAVIGATION 0 2 0. 0. 0. 0. 0 0
6.609 1 GPS 0 0 0 0 0 0 0 0 0 0 1
6.704 1 ATTITUDE -0.039319 -1.042234 -0.140807
6.802 1 ESTIMATOR 0. 0.
6.839 1 NAVIGATION 0 2 0. 0. 0. 0. 0 0
6.860 1 GPS 0 0 0 0 0 0 0 0 0 0 1
6.913 1 WP_MOVED 1 360285. 4813595. 75. 31
6.919 1 DESIRED 0. 0. 0. 0. 0. 50. 0.
6.921 1 DL_VALUE 7 2.
7.007 1 BAT 0 0 0 0 1 324 0 0
7.010 1 GPS_SOL 0 0 0 0
7.057 1 DOWNLINK_STATUS 7 3761 167 1 473. 21. 26.76
7.092 1 NAVIGATION 0 2 0. 0. 0. 0. 0 0
7.118 1 GPS 0 0 0 0 0 0 0 0 0 0 1
7.123 1 NAVIGATION 0 2 0. 0. 0. 0. 0 0
7.126 1 IMU_GYRO 0.00415 0.019043 -0.032959
7.204 1 ATTITUDE -0.039281 -1.019346 -0.141149
7.301 1 ESTIMATOR 0. 0.
7.342 1 NAVIGATION 0 2 0. 0. 0. 0. 0 0
7.360 1 GPS 0 0 0 0 0 0 0 0 0 0 1
7.406 1 WP_MOVED 2 360334.5 4813695. 75. 31
7.592 1 NAVIGATION 0 2 0. 0. 0. 0. 0 0
7.610 1 GPS 0 0 0 0 0 0 0 0 0 0 1
7.685 1 COMMANDS 0,289,2917,0
7.703 1 ATTITUDE -0.039331 -0.99646 -0.141094
7.789 1 ACTUATORS 0,1120,1632,1445,1515,1515
7.803 1 ESTIMATOR 0. 0.
7.840 1 NAVIGATION 0 2 0. 0. 0. 0. 0 0
7.861 1 GPS 0 0 0 0 0 0 0 0 0 0 1
7.908 1 WP_MOVED 3 360295.09375 4813785. 75. 31
7.911 1 NAVIGATION_REF 360285 4813595 31
7.961 1 DESIRED 0. 0. 0. 0. 0. 50. 0.
8.057 1 DOWNLINK_STATUS 8 4228 187 1 467. 20. 26.76
8.091 1 NAVIGATION 0 2 0. 0. 0. 0. 0 0
8.121 1 GPS 0 0 0 0 0 0 0 0 0 0 1
8.125 1 NAVIGATION 0 2 0. 0. 0. 0. 0 0
8.130 1 BAT 0 0 0 0 1 325 0 0
8.208 1 ATTITUDE -0.039374 -0.97359 -0.140807
8.211 1 IMU_GYRO 0.00415 0.026367 -0.033936
8.307 1 ESTIMATOR 0. 0.
8.310 1 ENERGY 0. 0. 0 0.
8.340 1 NAVIGATION 0 2 0. 0. 0. 0. 0 0
8.358 1 GPS 0 0 0 0 0 0 0 0 0 0 1
8.411 1 WP_MOVED 4 360417.3125 4813734. 75. 31
8.413 1 DL_VALUE 8 0.
8.417 1 ALIVE 68,230,201,177,229,211,64,56,73,125,45,2,113,245,219,42
8.502 1 PPRZ_MODE 2 0 0 0 0 6
8.592 1 FBW_STATUS 2 0 1 0 0
8.596 1 NAVIGATION 0 2 0. 0. 0. 0. 0 0
8.612 1 GPS 0 0 0 0 0 0 0 0 0 0 1
8.615 1 CALIBRATION 0. 0
8.708 1 ATTITUDE -0.03941 -0.950633 -0.141022
8.709 1 STATE_FILTER_STATUS 3 0
8.802 1 ESTIMATOR 0. 0.
8.841 1 NAVIGATION 0 2 0. 0. 0. 0. 0 0
8.859 1 GPS 0 0 0 0 0 0 0 0 0 0 1
8.905 1 WP_MOVED 5 360422. 4813583.5 75. 31
9.015 1 DESIRED 0. 0. 0. 0. 0. 50. 0.
9.018 1 GPS_SOL 0 0 0 0
9.057 1 DOWNLINK_STATUS 9 4783 213 1 555. 26. 26.76
9.092 1 NAVIGATION 0 2 0. 0. 0. 0. 0 0
9.115 1 GPS 0 0 0 0 0 0 0 0 0 0 1
9.119 1 NAVIGATION 0 2 0. 0. 0. 0. 0 0
9.208 1 ATTITUDE -0.039424 -0.927658 -0.140894
9.212 1 BAT 0 0 0 0 1 326 0 0
9.306 1 ESTIMATOR 0. 0.
9.309 1 IMU_GYRO 0.014893 -0.012695 -0.037109
9.341 1 NAVIGATION 0 2 0. 0. 0. 0. 0 0
9.361 1 GPS 0 0 0 0 0 0 0 0 0 0 1
9.404 1 WP_MOVED 6 360165.8125 4813664.5 75. 31
9.590 1 NAVIGATION 0 2 0. 0. 0. 0. 0 0
9.612 1 GPS 0 0 0 0 0 0 0 0 0 0 1
9.704 1 ATTITUDE -0.03941 -0.904814 -0.141011
9.804 1 ESTIMATOR 0. 0.
9.841 1 NAVIGATION 0 2 0. 0. 0. 0. 0 0
9.861 1 GPS 0 0 0 0 0 0 0 0 0 0 1
9.906 1 WP_MOVED 7 360559.40625 4813804.5 75. 31
9.908 1 DL_VALUE 9 1.
10.058 1 DOWNLINK_STATUS 10 5198 231 1 415. 18. 26.76
10.061 1 DESIRED 0. 0. 0. 0. 0. 50. 0.
10.093 1 NAVIGATION 0 2 0. 0. 0. 0. 0 0
10.115 1 GPS 0 0 0 0 0 0 0 0 0 0 1
10.119 1 NAVIGATION 0 2 0. 0. 0. 0. 0 0
10.205 1 ATTITUDE -0.039359 -0.881807 -0.140991
10.207 1 DOWNLINK 0 480 7101
10.305 1 ESTIMATOR 0. 0.
10.308 1 BAT 0 0 0 0 1 327 0 0
10.341 1 NAVIGATION 0 2 0. 0. 0. 0. 0 0
10.358 1 GPS 0 0 0 0 0 0 0 0 0 0 1
10.406 1 WP_MOVED 8 360462.40625 4813640. 30. 31
10.409 1 IMU_GYRO 0.00415 0.029785 -0.032959
10.578 1 PONG 
10.595 1 FBW_STATUS 2 0 1 0 0
10.600 1 NAVIGATION 0 2 0. 0. 0. 0. 0 0
10.615 1 GPS 0 0 0 0 0 0 0 0 0 0 1
10.706 1 ATTITUDE -0.039369 -0.858819 -0.141001
10.708 1 CALIBRATION 0. 0
10.807 1 ESTIMATOR 0. 0.
10.810 1 ENERGY 0. 0. 0 0.
10.841 1 NAVIGATION 0 2 0. 0. 0. 0. 0 0
10.861 1 GPS 0 0 0 0 0 0 0 0 0 0 1
10.903 1 WP_MOVED 9 360313.8125 4813652. 0. 31
11.004 1 GPS_SOL 0 0 0 0
11.058 1 DOWNLINK_STATUS 11 5715 255 1 517. 24. 24.77
11.091 1 NAVIGATION 0 2 0. 0. 0. 0. 0 0
11.122 1 GPS 0 0 0 0 0 0 0 0 0 0 1
11.126 1 NAVIGATION 0 2 0. 0. 0. 0. 0 0
11.135 1 DESIRED 0. 0. 0. 0. 0. 50. 0.
11.204 1 ATTITUDE -0.039349 -0.835827 -0.141003
11.301 1 ESTIMATOR 0. 0.
11.341 1 NAVIGATION 0 2 0. 0. 0. 0. 0 0
11.359 1 GPS 0 0 0 0 0 0 0 0 0 0 1
11.410 1 WP_MOVED 10 360453.8125 4813581. 75. 31
11.414 1 BAT 0 0 0 0 1 328 0 0
11.416 1 DL_VALUE 10 0.
11.504 1 IMU_GYRO 0.00415 0.018066 -0.033936
11.589 1 NAVIGATION 0 2 0. 0. 0. 0. 0 0
11.610 1 GPS 0 0 0 0 0 0 0 0 0 0 1
11.706 1 ATTITUDE -0.039411 -0.812962 -0.140706
11.801 1 ESTIMATOR 0. 0.
11.839 1 NAVIGATION 0 2 0. 0. 0. 0. 0 0
11.861 1 GPS 0 0 0 0 0 0 0 0 0 0 1
11.904 1 WP_MOVED 11 360170.5 4813757.5 75. 31
12.059 1 DOWNLINK_STATUS 12 6164 274 1 449. 19. 24.77
12.092 1 NAVIGATION 0 2 0. 0. 0. 0. 0 0
12.116 1 GPS 0 0 0 0 0 0 0 0 0 0 1
12.120 1 NAVIGATION 0 2 0. 0. 0. 0. 0 0
12.159 1 DESIRED 0. 0. 0. 0. 0. 50. 0.
12.203 1 ATTITUDE -0.039549 -0.790023 -0.140595
12.304 1 ESTIMATOR 0. 0.
12.339 1 NAVIGATION 0 2 0. 0. 0. 0. 0 0
12.359 1 GPS 0 0 0 0 0 0 0 0 0 0 1
12.403 1 WP_MOVED 0 360327. 4813637. 75. 31
12.506 1 BAT 0 0 0 0 1 329 0 0
12.591 1 FBW_STATUS 2 0 1 0 0
12.594 1 NAVIGATION 0 2 0. 0. 0. 0. 0 0
12.613 1 GPS 0 0 0 0 0 0 0 0 0 0 1
12.616 1 IMU_GYRO 0.006348 0.008301 -0.033936
12.687 1 COMMANDS 0,290,2918,0
12.703 1 ATTITUDE -0.039497 -0.767075 -0.140872
12.788 1 ACTUATORS 0,1120,1631,1445,1515,1515
12.805 1 ESTIMATOR 0. 0.
12.806 1 CALIBRATION 0. 0
12.840 1 NAVIGATION 0 2 0. 0. 0. 0. 0 0
12.859 1 GPS 0 0 0 0 0 0 0 0 0 0 1
12.907 1 WP_MOVED 1 360285. 4813595. 75. 31
12.909 1 DL_VALUE 0 0.
13.004 1 GPS_SOL 0 0 0 0
13.059 1 DOWNLINK_STATUS 13 6689 298 1 525. 24. 24.77
13.091 1 NAVIGATION 0 2 0. 0. 0. 0. 0 0
13.117 1 GPS 0 0 0 0 0 0 0 0 0 0 1
13.121 1 NAVIGATION 0 2 0. 0. 0. 0. 0 0
13.212 1 ATTITUDE -0.039452 -0.744195 -0.140653
13.218 1 DESIRED 0. 0. 0. 0. 0. 50. 0.
13.307 1 ESTIMATOR 0. 0.
13.310 1 ENERGY 0. 0. 0 0.
13.342 1 NAVIGATION 0 2 0. 0. 0. 0. 0 0
13.361 1 GPS 0 0 0 0 0 0 0 0 0 0 1
13.409 1 WP_MOVED 2 360334.5 4813695. 75. 31
13.413 1 ALIVE 68,230,201,177,229,211,64,56,73,125,45,2,113,245,219,42
13.502 1 PPRZ_MODE 2 0 0 0 0 6
13.592 1 NAVIGATION 0 2 0. 0. 0. 0. 0 0
13.616 1 GPS 0 0 0 0 0 0 0 0 0 0 1
13.618 1 BAT 0 0 0 0 1 331 0 0
13.709 1 ATTITUDE -0.039441 -0.721295 -0.140638
13.712 1 IMU_GYRO 0.00415 0.027588 -0.032959
13.714 1 STATE_FILTER_STATUS 3 0
13.802 1 ESTIMATOR 0. 0.
13.826 1 WIND_INFO 1 42 0. 0. 0.
13.839 1 NAVIGATION 0 2 0. 0. 0. 0. 0 0
13.861 1 GPS 0 0 0 0 0 0 0 0 0 0 1
13.905 1 WP_MOVED 3 360295.09375 4813785. 75. 31
14.061 1 DOWNLINK_STATUS 14 7191 320 1 502. 22. 24.77
14.090 1 NAVIGATION 0 2 0. 0. 0. 0. 0 0
14.115 1 GPS 0 0 0 0 0 0 0 0 0 0 1
14.119 1 NAVIGATION 0 2 0. 0. 0. 0. 0 0
14.205 1 ATTITUDE -0.039415 -0.698384 -0.14063
14.260 1 DESIRED 0. 0. 0. 0. 0. 50. 0.
14.301 1 ESTIMATOR 0. 0.
14.340 1 NAVIGATION 0 2 0. 0. 0. 0. 0 0
14.359 1 GPS 0 0 0 0 0 0 0 0 0 0 1
14.406 1 WP_MOVED 4 360417.3125 4813734. 75. 31
14.408 1 DL_VALUE 1 0.
14.591 1 FBW_STATUS 2 0 1 0 0
14.595 1 NAVIGATION 0 2 0. 0. 0. 0. 0 0
14.611 1 GPS 0 0 0 0 0 0 0 0 0 0 1
14.708 1 ATTITUDE -0.039353 -0.675429 -0.14063
14.712 1 BAT 0 0 0 0 1 332 0 0
14.805 1 ESTIMATOR 0. 0.
14.809 1 IMU_GYRO 0.006348 0.012695 -0.033936
14.840 1 NAVIGATION 0 2 0. 0. 0. 0. 0 0
14.860 1 GPS 0 0 0 0 0 0 0 0 0 0 1
14.906 1 WP_MOVED 5 360422. 4813583.5 75. 31
14.908 1 CALIBRATION 0. 0
15.002 1 GPS_SOL 0 0 0 0
15.062 1 DOWNLINK_STATUS 15 7682 342 1 491. 22. 24.77
15.090 1 NAVIGATION 0 2 0. 0. 0. 0. 0 0
15.116 1 GPS 0 0 0 0 0 0 0 0 0 0 1
15.120 1 NAVIGATION 0 2 0. 0. 0. 0. 0 0
15.202 1 ATTITUDE -0.039397 -0.65257 -0.140763
15.311 1 ESTIMATOR 0. 0.
15.316 1 DESIRED 0. 0. 0. 0. 0. 50. 0.
15.318 1 DOWNLINK 0 489 7213
15.340 1 NAVIGATION 0 2 0. 0. 0. 0. 0 0
15.359 1 GPS 0 0 0 0 0 0 0 0 0 0 1
15.405 1 WP_MOVED 6 360165.8125 4813664.5 75. 31
15.580 1 PONG 
15.601 1 NAVIGATION 0 2 0. 0. 0. 0. 0 0
15.617 1 GPS 0 0 0 0 0 0 0 0 0 0 1
15.703 1 ATTITUDE -0.039373 -0.629605 -0.140656
15.811 1 ESTIMATOR 0. 0.
15.814 1 BAT 0 0 0 0 1 333 0 0
15.818 1 ENERGY 0. 0. 0 0.
15.840 1 NAVIGATION 0 2 0. 0. 0. 0. 0 0
15.860 1 GPS 0 0 0 0 0 0 0 0 0 0 1
15.911 1 WP_MOVED 7 360559.40625 4813804.5 75. 31
15.914 1 IMU_GYRO 0.006348 0.006348 -0.033936
15.916 1 DL_VALUE 2 50.
16.063 1 DOWNLINK_STATUS 16 8168 364 1 486. 22. 25.68
16.092 1 NAVIGATION 0 2 0. 0. 0. 0. 0 0
16.114 1 GPS 0 0 0 0 0 0 0 0 0 0 1
16.118 1 NAVIGATION 0 2 0. 0. 0. 0. 0 0
16.202 1 ATTITUDE -0.039246 -0.606789 -0.140739
16.302 1 ESTIMATOR 0. 0.
16.340 1 NAVIGATION 0 2 0. 0. 0. 0. 0 0
16.366 1 GPS 0 0 0 0 0 0 0 0 0 0 1
16.372 1 DESIRED 0. 0. 0. 0. 0. 50. 0.
16.405 1 WP_MOVED 8 360462.40625 4813640. 30. 31
16.590 1 FBW_STATUS 2 0 1 0 0
16.595 1 NAVIGATION 0 2 0. 0. 0. 0. 0 0
16.613 1 GPS 0 0 0 0 0 0 0 0 0 0 1
16.704 1 ATTITUDE -0.039215 -0.583959 -0.140692
16.802 1 ESTIMATOR 0. 0.
16.840 1 NAVIGATION 0 2 0. 0. 0. 0. 0 0
16.859 1 GPS 0 0 0 0 0 0 0 0 0 0 1
16.912 1 WP_MOVED 9 360313.8125 4813652. 0. 31
16.916 1 BAT 0 0 0 0 1 334 0 0
16.918 1 NAVIGATION_REF 360285 4813595 31
17.010 1 IMU_GYRO 0.00415 0.026367 -0.032959
17.013 1 GPS_SOL 0 0 0 0
17.015 1 CALIBRATION 0. 0
17.063 1 DOWNLINK_STATUS 17 8663 386 1 495. 22. 25.68
17.090 1 NAVIGATION 0 2 0. 0. 0. 0. 0 0
17.116 1 GPS 0 0 0 0 0 0 0 0 0 0 1
17.120 1 NAVIGATION 0 2 0. 0. 0. 0. 0 0
17.204 1 ATTITUDE -0.039205 -0.560998 -0.140863
17.301 1 ESTIMATOR 0. 0.
17.341 1 NAVIGATION 0 2 0. 0. 0. 0. 0 0
17.358 1 GPS 0 0 0 0 0 0 0 0 0 0 1
17.413 1 WP_MOVED 10 360453.8125 4813581. 75. 31
17.419 1 DESIRED 0. 0. 0. 0. 0. 50. 0.
17.421 1 DL_VALUE 3 0.
17.589 1 NAVIGATION 0 2 0. 0. 0. 0. 0 0
17.609 1 GPS 0 0 0 0 0 0 0 0 0 0 1
17.687 1 COMMANDS 0,288,2918,0
17.703 1 ATTITUDE -0.039159 -0.538091 -0.140969
17.788 1 ACTUATORS 0,1120,1631,1445,1515,1515
17.801 1 ESTIMATOR 0. 0.
17.841 1 NAVIGATION 0 2 0. 0. 0. 0. 0 0
17.859 1 GPS 0 0 0 0 0 0 0 0 0 0 1
17.905 1 WP_MOVED 11 360170.5 4813757.5 75. 31
18.004 1 BAT 0 0 0 0 1 335 0 0
18.064 1 DOWNLINK_STATUS 18 9128 406 1 465. 20. 25.68
18.092 1 NAVIGATION 0 2 0. 0. 0. 0. 0 0
18.118 1 GPS 0 0 0 0 0 0 0 0 0 0 1
18.123 1 NAVIGATION 0 2 0. 0. 0. 0. 0 0
18.126 1 IMU_GYRO 0.00415 0.024414 -0.033936
18.204 1 ATTITUDE -0.039124 -0.515275 -0.140686
18.305 1 ESTIMATOR 0. 0.
18.309 1 ENERGY 0. 0. 0 0.
18.341 1 NAVIGATION 0 2 0. 0. 0. 0. 0 0
18.360 1 GPS 0 0 0 0 0 0 0 0 0 0 1
18.408 1 WP_MOVED 0 360327. 4813637. 75. 31
18.412 1 ALIVE 68,230,201,177,229,211,64,56,73,125,45,2,113,245,219,42
18.459 1 DESIRED 0. 0. 0. 0. 0. 50. 0.
18.499 1 PPRZ_MODE 2 0 0 0 0 6
18.589 1 FBW_STATUS 2 0 1 0 0
18.594 1 NAVIGATION 0 2 0. 0. 0. 0. 0 0
18.608 1 GPS 0 0 0 0 0 0 0 0 0 0 1
18.705 1 ATTITUDE -0.039005 -0.492332 -0.140794
18.706 1 STATE_FILTER_STATUS 3 0
18.803 1 ESTIMATOR 0. 0.
18.840 1 NAVIGATION 0 2 0. 0. 0. 0. 0 0
18.858 1 GPS 0 0 0 0 0 0 0 0 0 0 1
18.906 1 WP_MOVED 1 360285. 4813595. 75. 31
18.908 1 DL_VALUE 4 0.
19.002 1 GPS_SOL 0 0 0 0
19.065 1 DOWNLINK_STATUS 19 9652 430 1 524. 24. 25.68
19.089 1 NAVIGATION 0 2 0. 0. 0. 0. 0 0
19.121 1 GPS 0 0 0 0 0 0 0 0 0 0 1
19.125 1 NAVIGATION 0 2 0. 0. 0. 0. 0 0
19.129 1 BAT 0 0 0 0 1 336 0 0
19.134 1 CALIBRATION 0. 0
19.206 1 ATTITUDE -0.03913 -0.469038 -0.140847
19.210 1 IMU_GYRO 0.006348 0.010498 -0.033936
19.302 1 ESTIMATOR 0. 0.
19.340 1 NAVIGATION 0 2 0. 0. 0. 0. 0 0
19.359 1 GPS 0 0 0 0 0 0 0 0 0 0 1
19.403 1 WP_MOVED 2 360334.5 4813695. 75. 31
19.510 1 DESIRED 0. 0. 0. 0. 0. 50. 0.
19.589 1 NAVIGATION 0 2 0. 0. 0. 0. 0 0
19.609 1 GPS 0 0 0 0 0 0 0 0 0 0 1
19.703 1 ATTITUDE -0.039058 -0.446144 -0.14083
19.801 1 ESTIMATOR 0. 0.
19.838 1 NAVIGATION 0 2 0. 0. 0. 0. 0 0
19.859 1 GPS 0 0 0 0 0 0 0 0 0 0 1
19.908 1 WP_MOVED 3 360295.09375 4813785. 75. 31
20.067 1 DOWNLINK_STATUS 20 10101 449 1 449. 19. 25.68
20.090 1 NAVIGATION 0 2 0. 0. 0. 0. 0 0
20.114 1 GPS 0 0 0 0 0 0 0 0 0 0 1
20.119 1 NAVIGATION 0 2 0. 0. 0. 0. 0 0
20.207 1 ATTITUDE -0.038894 -0.423162 -0.141022
20.210 1 BAT 0 0 0 0 1 337 0 0
20.306 1 ESTIMATOR 0. 0.
20.309 1 IMU_GYRO 0.008301 0.011475 -0.033936
20.340 1 NAVIGATION 0 2 0. 0. 0. 0. 0 0
20.359 1 GPS 0 0 0 0 0 0 0 0 0 0 1
20.409 1 WP_MOVED 4 360417.3125 4813734. 75. 31
20.411 1 DL_VALUE 5 0.
20.412 1 DOWNLINK 0 492 7325
20.559 1 DESIRED 0. 0. 0. 0. 0. 50. 0.
20.591 1 PONG 
20.593 1 FBW_STATUS 2 0 1 0 0
20.598 1 NAVIGATION 0 2 0. 0. 0. 0. 0 0
20.612 1 GPS 0 0 0 0 0 0 0 0 0 0 1
20.703 1 ATTITUDE -0.038904 -0.400249 -0.141036
20.805 1 ESTIMATOR 0. 0.
20.809 1 ENERGY 0. 0. 0 0.
20.841 1 NAVIGATION 0 2 0. 0. 0. 0. 0 0
20.858 1 GPS 0 0 0 0 0 0 0 0 0 0 1
20.904 1 WP_MOVED 5 360422. 4813583.5 75. 31
21.004 1 GPS_SOL 0 0 0 0
21.067 1 DOWNLINK_STATUS 21 10618 473 1 517. 24. 36.01
21.090 1 NAVIGATION 0 2 0. 0. 0. 0. 0 0
21.116 1 GPS 0 0 0 0 0 0 0 0 0 0 1
21.120 1 NAVIGATION 0 2 0. 0. 0. 0. 0 0
24.091 1 NAVIGATION 0 2 0. 0. 0. 0. 0 0
24.115 1 GPS 0 0 0 0 0 0 0 0 0 0 1
24.119 1 NAVIGATION 0 2 0. 0. 0. 0. 0 0
24.202 1 ATTITUDE -0.039199 -0.239863 -0.140991
24.301 1 ESTIMATOR 0. 0.
24.341 1 NAVIGATION 0 2 0. 0. 0. 0. 0 0
24.360 1 GPS 0 0 0 0 0 0 0 0 0 0 1
24.402 1 WP_MOVED 0 360327. 4813637. 75. 31
24.590 1 FBW_STATUS 2 0 1 0 0
24.595 1 NAVIGATION 0 2 0. 0. 0. 0. 0 0
24.613 1 GPS 0 0 0 0 0 0 0 0 0 0 1
24.617 1 BAT 0 0 0 0 1 342 0 0
24.706 1 ATTITUDE -0.039148 -0.216969 -0.140859
24.709 1 IMU_GYRO 0.00415 0.025391 -0.032959
24.760 1 DESIRED 0. 0. 0. 0. 0. 50. 0.
24.801 1 ESTIMATOR 0. 0.
24.840 1 NAVIGATION 0 2 0. 0. 0. 0. 0 0
24.858 1 GPS 0 0 0 0 0 0 0 0 0 0 1
24.907 1 WP_MOVED 1 360285. 4813595. 75. 31
24.909 1 DL_VALUE 8 0.
24.922 1 DOWNLINK_STATUS 1 1865 83 0 1865. 83. 0.
25.004 1 GPS_SOL 0 0 0 0
25.091 1 NAVIGATION 0 2 0. 0. 0. 0. 0 0
25.116 1 GPS 0 0 0 0 0 0 0 0 0 0 1
25.120 1 NAVIGATION 0 2 0. 0. 0. 0. 0 0
25.203 1 ATTITUDE -0.039045 -0.194026 -0.1408
25.301 1 ESTIMATOR 0. 0.
25.339 1 NAVIGATION 0 2 0. 0. 0. 0. 0 0
25.358 1 GPS 0 0 0 0 0 0 0 0 0 0 1
25.407 1 WP_MOVED 2 360334.5 4813695. 75. 31
25.408 1 CALIBRATION 0. 0
25.499 1 DOWNLINK 0 479 7434
25.590 1 NAVIGATION 0 2 0. 0. 0. 0. 0 0
25.608 1 GPS 0 0 0 0 0 0 0 0 0 0 1
25.707 1 ATTITUDE -0.038988 -0.171058 -0.140942
25.710 1 BAT 0 0 0 0 1 343 0 0
25.822 1 ESTIMATOR 0. 0.
25.828 1 DESIRED 0. 0. 0. 0. 0. 50. 0.
25.831 1 IMU_GYRO 0.006348 0.02124 -0.032959
25.835 1 ENERGY 0. 0. 0 0.
25.839 1 NAVIGATION 0 2 0. 0. 0. 0. 0 0
25.859 1 GPS 0 0 0 0 0 0 0 0 0 0 1
25.909 1 WP_MOVED 3 360295.09375 4813785. 75. 31
25.912 1 NAVIGATION_REF 360285 4813595 31
25.923 1 DOWNLINK_STATUS 2 2377 106 0 512. 23. 0.
26.090 1 NAVIGATION 0 2 0. 0. 0. 0. 0 0
26.115 1 GPS 0 0 0 0 0 0 0 0 0 0 1
26.120 1 NAVIGATION 0 2 0. 0. 0. 0. 0 0
26.204 1 ATTITUDE -0.038957 -0.148088 -0.140804
26.302 1 ESTIMATOR 0. 0.
26.339 1 NAVIGATION 0 2 0. 0. 0. 0. 0 0
26.360 1 GPS 0 0 0 0 0 0 0 0 0 0 1
26.405 1 WP_MOVED 4 360417.3125 4813734. 75. 31
26.407 1 DL_VALUE 9 1.
26.590 1 FBW_STATUS 2 0 1 0 0
26.597 1 NAVIGATION 0 2 0. 0. 0. 0. 0 0
26.611 1 GPS 0 0 0 0 0 0 0 0 0 0 1
26.703 1 ATTITUDE -0.038875 -0.125244 -0.140874
26.805 1 ESTIMATOR 0. 0.
26.808 1 BAT 0 0 0 0 1 344 0 0
26.838 1 NAVIGATION 0 2 0. 0. 0. 0. 0 0
26.865 1 GPS 0 0 0 0 0 0 0 0 0 0 1
26.871 1 DESIRED 0. 0. 0. 0. 0. 50. 0.
26.908 1 WP_MOVED 5 360422. 4813583.5 75. 31
26.911 1 IMU_GYRO 0.006348 0.019043 -0.033936
26.924 1 DOWNLINK_STATUS 3 2840 126 0 463. 20. 0.
27.003 1 GPS_SOL 0 0 0 0
27.090 1 NAVIGATION 0 2 0. 0. 0. 0. 0 0
27.114 1 GPS 0 0 0 0 0 0 0 0 0 0 1
27.121 1 NAVIGATION 0 2 0. 0. 0. 0. 0 0
27.204 1 ATTITUDE -0.038778 -0.102297 -0.140871
27.300 1 ESTIMATOR 0. 0.
27.339 1 NAVIGATION 0 2 0. 0. 0. 0. 0 0
27.358 1 GPS 0 0 0 0 0 0 0 0 0 0 1
27.403 1 WP_MOVED 6 360165.8125 4813664.5 75. 31
27.500 1 CALIBRATION 0. 0
27.590 1 NAVIGATION 0 2 0. 0. 0. 0. 0 0
27.608 1 GPS 0 0 0 0 0 0 0 0 0 0 1
27.686 1 COMMANDS 0,285,2916,0
27.704 1 ATTITUDE -0.038794 -0.079339 -0.140852
27.786 1 ACTUATORS 0,1120,1631,1445,1514,1514
27.800 1 ESTIMATOR 0. 0.
27.838 1 NAVIGATION 0 2 0. 0. 0. 0. 0 0
27.859 1 GPS 0 0 0 0 0 0 0 0 0 0 1
27.916 1 WP_MOVED 7 360559.40625 4813804.5 75. 31
27.922 1 DESIRED 0. 0. 0. 0. 0. 50. 0.
27.924 1 DOWNLINK_STATUS 4 3302 146 0 462. 20. 0.
27.926 1 BAT 0 0 0 0 1 345 0 0
27.929 1 DL_VALUE 10 0.
28.002 1 IMU_GYRO 0.006348 0.02124 -0.032959
28.091 1 NAVIGATION 0 2 0. 0. 0. 0. 0 0
28.115 1 GPS 0 0 0 0 0 0 0 0 0 0 1
28.119 1 NAVIGATION 0 2 0. 0. 0. 0. 0 0
28.203 1 ATTITUDE -0.038783 -0.05641 -0.140933
28.305 1 ESTIMATOR 0. 0.
28.308 1 ENERGY 0. 0. 0 0.
28.338 1 NAVIGATION 0 2 0. 0. 0. 0. 0 0
28.360 1 GPS 0 0 0 0 0 0 0 0 0 0 1
28.407 1 WP_MOVED 8 360462.40625 4813640. 30. 31
28.411 1 ALIVE 68,230,201,177,229,211,64,56,73,125,45,2,113,245,219,42
28.499 1 PPRZ_MODE 2 0 0 0 0 6
28.589 1 FBW_STATUS 2 0 1 0 0
28.594 1 NAVIGATION 0 2 0. 0. 0. 0. 0 0
28.608 1 GPS 0 0 0 0 0 0 0 0 0 0 1
28.705 1 ATTITUDE -0.038826 -0.033501 -0.140943
28.708 1 STATE_FILTER_STATUS 3 0
28.802 1 ESTIMATOR 0. 0.
28.841 1 NAVIGATION 0 2 0. 0. 0. 0. 0 0
28.859 1 GPS 0 0 0 0 0 0 0 0 0 0 1
28.903 1 WP_MOVED 9 360313.8125 4813652. 0. 31
28.925 1 DOWNLINK_STATUS 5 3795 169 0 493. 23. 0.
28.959 1 DESIRED 0. 0. 0. 0. 0. 50. 0.
29.008 1 BAT 0 0 0 0 1 346 0 0
29.011 1 GPS_SOL 0 0 0 0
29.090 1 NAVIGATION 0 2 0. 0. 0. 0. 0 0
29.119 1 GPS 0 0 0 0 0 0 0 0 0 0 1
29.124 1 NAVIGATION 0 2 0. 0. 0. 0. 0 0
29.129 1 IMU_GYRO 0.006348 0.015869 -0.034912
29.203 1 ATTITUDE -0.038919 -0.010597 -0.140835
29.301 1 ESTIMATOR 0. 0.
29.338 1 NAVIGATION 0 2 0. 0. 0. 0. 0 0
29.359 1 GPS 0 0 0 0 0 0 0 0 0 0 1
29.407 1 WP_MOVED 10 360453.8125 4813581. 75. 31
29.408 1 DL_VALUE 0 0.
29.449 1 PONG 
29.589 1 NAVIGATION 0 2 0. 0. 0. 0. 0 0
29.610 1 GPS 0 0 0 0 0 0 0 0 0 0 1
29.612 1 CALIBRATION 0. 0
29.704 1 ATTITUDE -0.038882 0.012297 -0.140792
29.801 1 ESTIMATOR 0. 0.
29.840 1 NAVIGATION 0 2 0. 0. 0. 0. 0 0
29.858 1 GPS 0 0 0 0 0 0 0 0 0 0 1
29.904 1 WP_MOVED 11 360170.5 4813757.5 75. 31
29.926 1 DOWNLINK_STATUS 6 4278 191 0 483. 22. 25.86
30.009 1 DESIRED 0. 0. 0. 0. 0. 50. 0.
30.091 1 NAVIGATION 0 2 0. 0. 0. 0. 0 0
30.119 1 GPS 0 0 0 0 0 0 0 0 0 0 1
30.124 1 NAVIGATION 0 2 0. 0. 0. 0. 0 0
30.127 1 BAT 0 0 0 0 1 347 0 0
30.207 1 ATTITUDE -0.038946 0.035209 -0.140736
30.210 1 IMU_GYRO 0.006348 0.007324 -0.033936
30.300 1 ESTIMATOR 0. 0.
30.340 1 NAVIGATION 0 2 0. 0. 0. 0. 0 0
30.359 1 GPS 0 0 0 0 0 0 0 0 0 0 1
30.403 1 WP_MOVED 0 360327. 4813637. 75. 31
30.590 1 FBW_STATUS 2 0 1 0 0
30.594 1 NAVIGATION 0 2 0. 0. 0. 0. 0 0
30.610 1 GPS 0 0 0 0 0 0 0 0 0 0 1
30.612 1 DOWNLINK 0 496 7546
30.703 1 ATTITUDE -0.038896 0.058065 -0.14081
30.804 1 ESTIMATOR 0. 0.
30.808 1 ENERGY 0. 0. 0 0.
30.838 1 NAVIGATION 0 2 0. 0. 0. 0. 0 0
30.858 1 GPS 0 0 0 0 0 0 0 0 0 0 1
30.907 1 WP_MOVED 1 360285. 4813595. 75. 31
30.908 1 DL_VALUE 1 0.
30.926 1 DOWNLINK_STATUS 7 4772 213 0 494. 22. 25.86
31.002 1 GPS_SOL 0 0 0 0
31.058 1 DESIRED 0. 0. 0. 0. 0. 50. 0.
31.089 1 NAVIGATION 0 2 0. 0. 0. 0. 0 0
31.113 1 GPS 0 0 0 0 0 0 0 0 0 0 1
31.117 1 NAVIGATION 0 2 0. 0. 0. 0. 0 0
31.207 1 ATTITUDE -0.03888 0.080913 -0.140799
31.210 1 BAT 0 0 0 0 1 348 0 0
31.306 1 ESTIMATOR 0. 0.
31.309 1 IMU_GYRO 0.006348 0.02124 -0.032959
31.338 1 NAVIGATION 0 2 0. 0. 0. 0. 0 0
31.359 1 GPS 0 0 0 0 0 0 0 0 0 0 1
31.402 1 WP_MOVED 2 360334.5 4813695. 75. 31
31.589 1 NAVIGATION 0 2 0. 0. 0. 0. 0 0
31.608 1 GPS 0 0 0 0 0 0 0 0 0 0 1
31.706 1 ATTITUDE -0.03885 0.103724 -0.140869
31.708 1 CALIBRATION 0. 0
31.799 1 ESTIMATOR 0. 0.
31.838 1 NAVIGATION 0 2 0. 0. 0. 0. 0 0
31.859 1 GPS 0 0 0 0 0 0 0 0 0 0 1
31.903 1 WP_MOVED 3 360295.09375 4813785. 75. 31
31.927 1 DOWNLINK_STATUS 8 5238 233 0 466. 20. 25.86
32.090 1 NAVIGATION 0 2 0. 0. 0. 0. 0 0
32.120 1 GPS 0 0 0 0 0 0 0 0 0 0 1
32.125 1 NAVIGATION 0 2 0. 0. 0. 0. 0 0
32.134 1 DESIRED 0. 0. 0. 0. 0. 50. 0.
32.203 1 ATTITUDE -0.038817 0.126592 -0.140821
32.307 1 ESTIMATOR 0. 0.
32.310 1 BAT 0 0 0 0 1 349 0 0
32.339 1 NAVIGATION 0 2 0. 0. 0. 0. 0 0
32.357 1 GPS 0 0 0 0 0 0 0 0 0 0 1
32.409 1 WP_MOVED 4 360417.3125 4813734. 75. 31
32.412 1 IMU_GYRO 0.006348 0.012695 -0.034912
32.414 1 DL_VALUE 2 50.
32.591 1 FBW_STATUS 2 0 1 0 0
32.596 1 NAVIGATION 0 2 0. 0. 0. 0. 0 0
32.611 1 GPS 0 0 0 0 0 0 0 0 0 0 1
32.685 1 COMMANDS 0,286,2910,0
32.703 1 ATTITUDE -0.038843 0.149911 -0.140785
