13.907 1 GPS 0 0 0 0 0 0 0 0 0 0 1
14.007 1 ATTITUDE -0.016843 1.656734 -0.207583
14.011 1 BAT 0 0 0 0 1 101 0 0
14.012 1 STATE_FILTER_STATUS 3 0
14.102 1 ESTIMATOR 0. 0.
14.105 1 IMU_GYRO 0.00415 0.018066 -0.034912
14.139 1 NAVIGATION 0 2 0. 0. 0. 0. 0 0
14.156 1 GPS 0 0 0 0 0 0 0 0 0 0 1
14.204 1 WP_MOVED 11 360170.5 4813757.5 75. 31
14.206 1 CALIBRATION 0. 0
14.389 1 NAVIGATION 0 2 0. 0. 0. 0. 0 0
14.413 1 GPS 0 0 0 0 0 0 0 0 0 0 1
14.418 1 NAVIGATION 0 2 0. 0. 0. 0. 0 0
14.501 1 ATTITUDE -0.016312 1.677953 -0.212658
14.607 1 ESTIMATOR 0. 0.
14.613 1 DESIRED 0. 0. 0. 0. 0. 50. 0.
14.637 1 NAVIGATION 0 2 0. 0. 0. 0. 0 0
14.656 1 GPS 0 0 0 0 0 0 0 0 0 0 1
14.668 1 DOWNLINK_STATUS 1 4682 208 1 4682. 208. 0.
14.703 1 WP_MOVED 0 360327. 4813637. 75. 31
14.888 1 FBW_STATUS 2 0 1 0 0
14.892 1 NAVIGATION 0 2 0. 0. 0. 0. 0 0
14.910 1 GPS 0 0 0 0 0 0 0 0 0 0 1
15.002 1 ATTITUDE -0.016744 1.700441 -0.209027
15.105 1 ESTIMATOR 0. 0.
15.109 1 BAT 0 0 0 0 1 102 0 0
15.138 1 NAVIGATION 0 2 0. 0. 0. 0. 0 0
15.157 1 GPS 0 0 0 0 0 0 0 0 0 0 1
15.208 1 WP_MOVED 1 360285. 4813595. 75. 31
15.211 1 IMU_GYRO 0.008301 0.006348 -0.034912
15.213 1 DL_VALUE 2 50.
15.302 1 GPS_SOL 0 0 0 0
15.390 1 NAVIGATION 0 2 0. 0. 0. 0. 0 0
15.412 1 GPS 0 0 0 0 0 0 0 0 0 0 1
15.417 1 NAVIGATION 0 2 0. 0. 0. 0. 0 0
15.501 1 ATTITUDE -0.016801 1.723212 -0.208941
15.600 1 ESTIMATOR 0. 0.
15.637 1 NAVIGATION 0 2 0. 0. 0. 0. 0 0
15.664 1 GPS 0 0 0 0 0 0 0 0 0 0 1
15.669 1 DOWNLINK_STATUS 2 5128 228 1 446. 20. 0.
15.670 1 DESIRED 0. 0. 0. 0. 0. 50. 0.
15.702 1 WP_MOVED 2 360334.5 4813695. 75. 31
15.889 1 NAVIGATION 0 2 0. 0. 0. 0. 0 0
15.909 1 GPS 0 0 0 0 0 0 0 0 0 0 1
16.002 1 ATTITUDE -0.016708 1.745799 -0.209552
16.107 1 ESTIMATOR 0. 0.
16.110 1 ENERGY 0. 0. 0 0.
16.112 1 DOWNLINK 0 483 2235
16.137 1 NAVIGATION 0 2 0. 0. 0. 0. 0 0
16.159 1 GPS 0 0 0 0 0 0 0 0 0 0 1
16.206 1 WP_MOVED 3 360295.09375 4813785. 75. 31
16.209 1 BAT 0 0 0 0 1 103 0 0
16.303 1 IMU_GYRO 0.006348 0.014893 -0.034912
16.305 1 CALIBRATION 0. 0
16.390 1 NAVIGATION 0 2 0. 0. 0. 0. 0 0
16.413 1 GPS 0 0 0 0 0 0 0 0 0 0 1
16.417 1 NAVIGATION 0 2 0. 0. 0. 0. 0 0
16.501 1 ATTITUDE -0.016486 1.768186 -0.211521
16.601 1 ESTIMATOR 0. 0.
16.639 1 NAVIGATION 0 2 0. 0. 0. 0. 0 0
16.658 1 GPS 0 0 0 0 0 0 0 0 0 0 1
16.669 1 DOWNLINK_STATUS 3 5608 249 1 480. 21. 0.
16.711 1 WP_MOVED 4 360417.3125 4813734. 75. 31
16.717 1 DESIRED 0. 0. 0. 0. 0. 50. 0.
16.719 1 DL_VALUE 3 0.
16.889 1 FBW_STATUS 2 0 1 0 0
16.893 1 NAVIGATION 0 2 0. 0. 0. 0. 0 0
16.908 1 GPS 0 0 0 0 0 0 0 0 0 0 1
17.002 1 ATTITUDE -0.016423 1.790723 -0.213178
17.101 1 ESTIMATOR 0. 0.
17.138 1 NAVIGATION 0 2 0. 0. 0. 0. 0 0
17.158 1 GPS 0 0 0 0 0 0 0 0 0 0 1
17.203 1 WP_MOVED 5 360422. 4813583.5 75. 31
17.306 1 BAT 0 0 0 0 1 104 0 0
17.309 1 GPS_SOL 0 0 0 0
17.389 1 NAVIGATION 0 2 0. 0. 0. 0. 0 0
17.416 1 GPS 0 0 0 0 0 0 0 0 0 0 1
17.420 1 NAVIGATION 0 2 0. 0. 0. 0. 0 0
17.423 1 IMU_GYRO 0.006348 0.023193 -0.033936
17.501 1 ATTITUDE -0.016633 1.813495 -0.212796
17.600 1 ESTIMATOR 0. 0.
17.639 1 NAVIGATION 0 2 0. 0. 0. 0. 0 0
17.658 1 GPS 0 0 0 0 0 0 0 0 0 0 1
17.670 1 DOWNLINK_STATUS 4 6088 270 1 480. 21. 0.
17.703 1 WP_MOVED 6 360165.8125 4813664.5 75. 31
17.757 1 DESIRED 0. 0. 0. 0. 0. 50. 0.
17.888 1 NAVIGATION 0 2 0. 0. 0. 0. 0 0
17.909 1 GPS 0 0 0 0 0 0 0 0 0 0 1
17.984 1 COMMANDS 0,123,4294,0
18.000 1 ATTITUDE -0.016813 1.836309 -0.21266
18.084 1 ACTUATORS 0,1120,1687,1442,1506,1506
18.101 1 ESTIMATOR 0. 0.
18.138 1 NAVIGATION 0 2 0. 0. 0. 0. 0 0
18.156 1 GPS 0 0 0 0 0 0 0 0 0 0 1
18.203 1 WP_MOVED 7 360559.40625 4813804.5 75. 31
18.205 1 DL_VALUE 4 0.
18.388 1 NAVIGATION 0 2 0. 0. 0. 0. 0 0
18.418 1 GPS 0 0 0 0 0 0 0 0 0 0 1
18.423 1 NAVIGATION 0 2 0. 0. 0. 0. 0 0
18.426 1 BAT 0 0 0 0 1 105 0 0
18.429 1 CALIBRATION 0. 0
18.504 1 ATTITUDE -0.01688 1.859126 -0.212513
18.507 1 IMU_GYRO 0.006348 0.019043 -0.033936
18.604 1 ESTIMATOR 0. 0.
18.607 1 ENERGY 0. 0. 0 0.
18.638 1 NAVIGATION 0 2 0. 0. 0. 0. 0 0
18.658 1 GPS 0 0 0 0 0 0 0 0 0 0 1
18.671 1 DOWNLINK_STATUS 5 6602 293 1 514. 23. 0.
18.706 1 WP_MOVED 8 360462.40625 4813640. 30. 31
18.710 1 ALIVE 68,230,201,177,229,211,64,56,73,125,45,2,113,245,219,42
18.809 1 DESIRED 0. 0. 0. 0. 0. 50. 0.
18.811 1 PPRZ_MODE 2 0 0 0 0 6
18.888 1 FBW_STATUS 2 0 1 0 0
18.892 1 NAVIGATION 0 2 0. 0. 0. 0. 0 0
18.908 1 GPS 0 0 0 0 0 0 0 0 0 0 1
19.003 1 ATTITUDE -0.017067 1.882055 -0.211769
19.004 1 STATE_FILTER_STATUS 3 0
19.101 1 ESTIMATOR 0. 0.
19.137 1 NAVIGATION 0 2 0. 0. 0. 0. 0 0
19.156 1 GPS 0 0 0 0 0 0 0 0 0 0 1
19.195 1 PONG 
19.211 1 WP_MOVED 9 360313.8125 4813652. 0. 31
19.302 1 GPS_SOL 0 0 0 0
19.388 1 NAVIGATION 0 2 0. 0. 0. 0. 0 0
19.413 1 GPS 0 0 0 0 0 0 0 0 0 0 1
19.418 1 NAVIGATION 0 2 0. 0. 0. 0. 0 0
19.505 1 ATTITUDE -0.01698 1.904898 -0.211788
19.508 1 BAT 0 0 0 0 1 106 0 0
19.604 1 ESTIMATOR 0. 0.
19.607 1 IMU_GYRO 0.006348 0.018066 -0.033936
19.637 1 NAVIGATION 0 2 0. 0. 0. 0. 0 0
19.656 1 GPS 0 0 0 0 0 0 0 0 0 0 1
19.672 1 DOWNLINK_STATUS 6 7121 317 1 519. 24. 25.83
19.707 1 WP_MOVED 10 360453.8125 4813581. 75. 31
19.707 1 DL_VALUE 5 0.
19.857 1 DESIRED 0. 0. 0. 0. 0. 50. 0.
19.889 1 NAVIGATION 0 2 0. 0. 0. 0. 0 0
19.908 1 GPS 0 0 0 0 0 0 0 0 0 0 1
20.001 1 ATTITUDE -0.016931 1.927817 -0.211922
20.100 1 ESTIMATOR 0. 0.
20.138 1 NAVIGATION 0 2 0. 0. 0. 0. 0 0
20.158 1 GPS 0 0 0 0 0 0 0 0 0 0 1
20.201 1 WP_MOVED 11 360170.5 4813757.5 75. 31
20.388 1 NAVIGATION 0 2 0. 0. 0. 0. 0 0
20.413 1 GPS 0 0 0 0 0 0 0 0 0 0 1
20.417 1 NAVIGATION 0 2 0. 0. 0. 0. 0 0
20.504 1 ATTITUDE -0.017039 1.950769 -0.211483
20.506 1 CALIBRATION 0. 0
20.603 1 ESTIMATOR 0. 0.
20.606 1 BAT 0 0 0 0 1 107 0 0
20.638 1 NAVIGATION 0 2 0. 0. 0. 0. 0 0
20.657 1 GPS 0 0 0 0 0 0 0 0 0 0 1
20.673 1 DOWNLINK_STATUS 7 7563 336 1 442. 19. 25.83
20.705 1 WP_MOVED 0 360327. 4813637. 75. 31
20.709 1 IMU_GYRO 0.006348 0.02124 -0.033936
20.892 1 NAVIGATION 0 2 0. 0. 0. 0. 0 0
20.894 1 FBW_STATUS 2 0 1 0 0
20.915 1 GPS 0 0 0 0 0 0 0 0 0 0 1
20.921 1 DESIRED 0. 0. 0. 0. 0. 50. 0.
21.000 1 ATTITUDE -0.01696 1.973699 -0.212186
21.103 1 ESTIMATOR 0. 0.
21.107 1 ENERGY 0. 0. 0 0.
21.138 1 NAVIGATION 0 2 0. 0. 0. 0. 0 0
21.158 1 GPS 0 0 0 0 0 0 0 0 0 0 1
21.207 1 WP_MOVED 1 360285. 4813595. 75. 31
21.209 1 DL_VALUE 6 100.
21.211 1 DOWNLINK 0 501 2349
21.302 1 GPS_SOL 0 0 0 0
21.387 1 NAVIGATION 0 2 0. 0. 0. 0. 0 0
21.413 1 GPS 0 0 0 0 0 0 0 0 0 0 1
21.417 1 NAVIGATION 0 2 0. 0. 0. 0. 0 0
21.501 1 ATTITUDE -0.016847 1.996484 -0.212488
21.601 1 ESTIMATOR 0. 0.
21.638 1 NAVIGATION 0 2 0. 0. 0. 0. 0 0
21.657 1 GPS 0 0 0 0 0 0 0 0 0 0 1
21.674 1 DOWNLINK_STATUS 8 8054 358 1 491. 22. 25.83
21.706 1 WP_MOVED 2 360334.5 4813695. 75. 31
21.709 1 BAT 0 0 0 0 1 108 0 0
21.802 1 IMU_GYRO -0.001953 0.084961 -0.030762
21.888 1 NAVIGATION 0 2 0. 0. 0. 0. 0 0
21.907 1 GPS 0 0 0 0 0 0 0 0 0 0 1
21.957 1 DESIRED 0. 0. 0. 0. 0. 50. 0.
22.001 1 ATTITUDE -0.016909 2.01954 -0.211038
22.100 1 ESTIMATOR 0. 0.
22.137 1 NAVIGATION 0 2 0. 0. 0. 0. 0 0
22.157 1 GPS 0 0 0 0 0 0 0 0 0 0 1
22.205 1 WP_MOVED 3 360295.09375 4813785. 75. 31
22.208 1 NAVIGATION_REF 360285 4813595 31
22.387 1 NAVIGATION 0 2 0. 0. 0. 0. 0 0
22.413 1 GPS 0 0 0 0 0 0 0 0 0 0 1
22.418 1 NAVIGATION 0 2 0. 0. 0. 0. 0 0
22.501 1 ATTITUDE -0.017053 2.042552 -0.210062
22.602 1 ESTIMATOR 0. 0.
22.604 1 CALIBRATION 0. 0
22.637 1 NAVIGATION 0 2 0. 0. 0. 0. 0 0
22.656 1 GPS 0 0 0 0 0 0 0 0 0 0 1
22.675 1 DOWNLINK_STATUS 9 8518 378 1 464. 20. 25.83
22.703 1 WP_MOVED 4 360417.3125 4813734. 75. 31
22.705 1 DL_VALUE 7 2.
22.801 1 BAT 0 0 0 0 1 109 0 0
22.889 1 FBW_STATUS 2 0 1 0 0
22.893 1 NAVIGATION 0 2 0. 0. 0. 0. 0 0
22.912 1 GPS 0 0 0 0 0 0 0 0 0 0 1
22.915 1 IMU_GYRO 0.010498 -0.014893 -0.036133
22.985 1 COMMANDS 0,127,4223,0
23.009 1 ATTITUDE -0.017331 2.06564 -0.208745
23.015 1 DESIRED 0. 0. 0. 0. 0. 50. 0.
23.084 1 ACTUATORS 0,1120,1683,1442,1506,1506
23.100 1 ESTIMATOR 0. 0.
23.139 1 NAVIGATION 0 2 0. 0. 0. 0. 0 0
23.156 1 GPS 0 0 0 0 0 0 0 0 0 0 1
23.201 1 WP_MOVED 5 360422. 4813583.5 75. 31
23.301 1 GPS_SOL 0 0 0 0
23.387 1 NAVIGATION 0 2 0. 0. 0. 0. 0 0
23.412 1 GPS 0 0 0 0 0 0 0 0 0 0 1
23.417 1 NAVIGATION 0 2 0. 0. 0. 0. 0 0
23.500 1 ATTITUDE -0.016751 2.088516 -0.212711
23.604 1 ESTIMATOR 0. 0.
23.607 1 ENERGY 0. 0. 0 0.
23.638 1 NAVIGATION 0 2 0. 0. 0. 0. 0 0
23.656 1 GPS 0 0 0 0 0 0 0 0 0 0 1
23.676 1 DOWNLINK_STATUS 10 9052 402 1 534. 24. 25.83
23.706 1 WP_MOVED 6 360165.8125 4813664.5 75. 31
23.710 1 ALIVE 68,230,201,177,229,211,64,56,73,125,45,2,113,245,219,42
23.799 1 PPRZ_MODE 2 0 0 0 0 6
23.888 1 NAVIGATION 0 2 0. 0. 0. 0. 0 0
23.912 1 GPS 0 0 0 0 0 0 0 0 0 0 1
23.915 1 BAT 0 0 0 0 1 111 0 0
24.005 1 ATTITUDE -0.017007 2.111482 -0.211817
24.008 1 IMU_GYRO 0.008301 0.014893 -0.033936
24.010 1 STATE_FILTER_STATUS 3 0
24.059 1 DESIRED 0. 0. 0. 0. 0. 50. 0.
24.099 1 ESTIMATOR 0. 0.
24.138 1 NAVIGATION 0 2 0. 0. 0. 0. 0 0
24.158 1 GPS 0 0 0 0 0 0 0 0 0 0 1
24.203 1 PONG 
24.206 1 WP_MOVED 7 360559.40625 4813804.5 75. 31
24.208 1 DL_VALUE 8 0.
24.387 1 NAVIGATION 0 2 0. 0. 0. 0. 0 0
24.411 1 GPS 0 0 0 0 0 0 0 0 0 0 1
24.415 1 NAVIGATION 0 2 0. 0. 0. 0. 0 0
24.500 1 ATTITUDE -0.016689 2.134396 -0.213826
24.598 1 ESTIMATOR 0. 0.
24.637 1 NAVIGATION 0 2 0. 0. 0. 0. 0 0
24.657 1 GPS 0 0 0 0 0 0 0 0 0 0 1
24.677 1 DOWNLINK_STATUS 11 9551 425 1 499. 23. 32.82
24.703 1 WP_MOVED 8 360462.40625 4813640. 30. 31
24.705 1 CALIBRATION 0. 0
24.818 1 WIND_INFO 1 42 0. 0. 0.
24.888 1 FBW_STATUS 2 0 1 0 0
24.893 1 NAVIGATION 0 2 0. 0. 0. 0. 0 0
24.908 1 GPS 0 0 0 0 0 0 0 0 0 0 1
25.007 1 ATTITUDE -0.02277 2.156924 -0.217968
25.010 1 BAT 0 0 0 0 1 112 0 0
25.111 1 ESTIMATOR 0. 0.
25.117 1 DESIRED 0. 0. 0. 0. 0. 50. 0.
25.120 1 IMU_GYRO 0.001953 -0.014893 -0.030762
25.138 1 NAVIGATION 0 2 0. 0. 0. 0. 0 0
25.157 1 GPS 0 0 0 0 0 0 0 0 0 0 1
25.201 1 WP_MOVED 9 360313.8125 4813652. 0. 31
25.300 1 GPS_SOL 0 0 0 0
25.387 1 NAVIGATION 0 2 0. 0. 0. 0. 0 0
25.411 1 GPS 0 0 0 0 0 0 0 0 0 0 1
25.416 1 NAVIGATION 0 2 0. 0. 0. 0. 0 0
25.501 1 ATTITUDE -0.008861 2.208986 -0.171792
25.599 1 ESTIMATOR 0. 0.
25.636 1 NAVIGATION 0 2 0. 0. 0. 0. 0 0
25.657 1 GPS 0 0 0 0 0 0 0 0 0 0 1
25.678 1 DOWNLINK_STATUS 12 10031 446 1 480. 21. 32.82
25.704 1 WP_MOVED 10 360453.8125 4813581. 75. 31
25.706 1 DL_VALUE 9 1.
25.887 1 NAVIGATION 0 2 0. 0. 0. 0. 0 0
25.906 1 GPS 0 0 0 0 0 0 0 0 0 0 1
26.001 1 ATTITUDE 0.132366 2.006741 0.276424
26.107 1 ESTIMATOR 0. 0.
26.111 1 BAT 0 0 0 0 1 113 0 0
26.114 1 ENERGY 0. 0. 0 0.
26.138 1 NAVIGATION 0 2 0. 0. 0. 0. 0 0
26.164 1 GPS 0 0 0 0 0 0 0 0 0 0 1
26.170 1 DESIRED 0. 0.02 0. 0. 0. 50. 0.
26.206 1 WP_MOVED 11 360170.5 4813757.5 75. 31
26.209 1 IMU_GYRO 0.199951 -0.024414 -0.411621
26.298 1 DOWNLINK 0 485 2459
26.387 1 NAVIGATION 0 2 0. 0. 0. 0. 0 0
26.413 1 GPS 0 0 0 0 0 0 0 0 0 0 1
26.417 1 NAVIGATION 0 2 0. 0. 0. 0. 0 0
26.501 1 ATTITUDE 0.136144 2.076227 0.160021
26.600 1 ESTIMATOR 0. 0.
26.637 1 NAVIGATION 0 2 0. 0. 0. 0. 0 0
26.656 1 GPS 0 0 0 0 0 0 0 0 0 0 1
26.679 1 DOWNLINK_STATUS 13 10511 467 1 480. 21. 32.82
26.703 1 WP_MOVED 0 360327. 4813637. 75. 31
26.798 1 CALIBRATION 0. 0
26.889 1 FBW_STATUS 2 0 1 0 0
26.894 1 NAVIGATION 0 2 0. 0. 0. 0. 0 0
26.908 1 GPS 0 0 0 0 0 0 0 0 0 0 1
27.000 1 ATTITUDE 0.007149 2.315972 -0.287682
27.099 1 ESTIMATOR 0. 0.
27.137 1 NAVIGATION 0 2 0. 0. 0. 0. 0 0
27.157 1 GPS 0 0 0 0 0 0 0 0 0 0 1
27.215 1 WP_MOVED 1 360285. 4813595. 75. 31
27.221 1 DESIRED 0. 0. 0. 0. 0. 50. 0.
27.224 1 BAT 0 0 0 0 1 114 0 0
27.226 1 DL_VALUE 10 0.
27.305 1 IMU_GYRO -0.223389 0.765137 0.036133
27.308 1 GPS_SOL 0 0 0 0
27.388 1 NAVIGATION 0 2 0. 0. 0. 0. 0 0
27.413 1 GPS 0 0 0 0 0 0 0 0 0 0 1
27.418 1 NAVIGATION 0 2 0. 0. 0. 0. 0 0
27.501 1 ATTITUDE -0.008045 2.317473 -0.244469
27.600 1 ESTIMATOR 0. 0.
27.636 1 NAVIGATION 0 2 0. 0. 0. 0. 0 0
27.657 1 GPS 0 0 0 0 0 0 0 0 0 0 1
27.680 1 DOWNLINK_STATUS 14 11002 489 1 491. 22. 32.82
27.701 1 WP_MOVED 2 360334.5 4813695. 75. 31
27.887 1 NAVIGATION 0 2 0. 0. 0. 0. 0 0
27.907 1 GPS 0 0 0 0 0 0 0 0 0 0 1
27.983 1 COMMANDS 0,171,3423,0
28.001 1 ATTITUDE -0.02334 2.251088 -0.168242
28.084 1 ACTUATORS 0,1120,1652,1443,1508,1508
28.100 1 ESTIMATOR 0. 0.
28.137 1 NAVIGATION 0 2 0. 0. 0. 0. 0 0
28.158 1 GPS 0 0 0 0 0 0 0 0 0 0 1
28.202 1 WP_MOVED 3 360295.09375 4813785. 75. 31
28.256 1 DESIRED 0. 0. 0. 0. 0. 50. 0.
28.302 1 BAT 0 0 0 0 1 115 0 0
28.385 1 NAVIGATION 0 2 0. 0. 0. 0. 0 0
28.416 1 GPS 0 0 0 0 0 0 0 0 0 0 1
28.420 1 NAVIGATION 0 2 0. 0. 0. 0. 0 0
28.423 1 IMU_GYRO -0.040283 0.181885 -0.023193
28.499 1 ATTITUDE -0.020864 2.272394 -0.178171
28.604 1 ESTIMATOR 0. 0.
28.608 1 ENERGY 0. 0. 0 0.
28.636 1 NAVIGATION 0 2 0. 0. 0. 0. 0 0
28.656 1 GPS 0 0 0 0 0 0 0 0 0 0 1
28.681 1 DOWNLINK_STATUS 15 11494 510 1 492. 21. 32.82
28.708 1 WP_MOVED 4 360417.3125 4813734. 75. 31
28.710 1 DL_VALUE 0 0.
28.714 1 ALIVE 68,230,201,177,229,211,64,56,73,125,45,2,113,245,219,42
28.797 1 PPRZ_MODE 2 0 0 0 0 6
28.889 1 FBW_STATUS 2 0 1 0 0
28.893 1 NAVIGATION 0 2 0. 0. 0. 0. 0 0
28.909 1 GPS 0 0 0 0 0 0 0 0 0 0 1
28.911 1 CALIBRATION 0. 0
29.003 1 ATTITUDE -0.021309 2.295372 -0.172615
29.005 1 STATE_FILTER_STATUS 3 0
29.100 1 ESTIMATOR 0. 0.
29.137 1 NAVIGATION 0 2 0. 0. 0. 0. 0 0
29.156 1 GPS 0 0 0 0 0 0 0 0 0 0 1
29.203 1 WP_MOVED 5 360422. 4813583.5 75. 31
29.204 1 PONG 
29.311 1 DESIRED 0. 0. 0. 0. 0. 50. 0.
29.314 1 GPS_SOL 0 0 0 0
29.386 1 NAVIGATION 0 2 0. 0. 0. 0. 0 0
29.416 1 GPS 0 0 0 0 0 0 0 0 0 0 1
29.420 1 NAVIGATION 0 2 0. 0. 0. 0. 0 0
29.423 1 BAT 0 0 0 0 1 116 0 0
29.506 1 ATTITUDE -0.018825 2.317657 -0.184399
29.509 1 IMU_GYRO -0.010498 0.067871 -0.028564
29.600 1 ESTIMATOR 0. 0.
29.637 1 NAVIGATION 0 2 0. 0. 0. 0. 0 0
29.656 1 GPS 0 0 0 0 0 0 0 0 0 0 1
29.682 1 DOWNLINK_STATUS 16 12035 536 1 541. 26. 32.82
29.702 1 WP_MOVED 6 360165.8125 4813664.5 75. 31
29.886 1 NAVIGATION 0 2 0. 0. 0. 0. 0 0
29.907 1 GPS 0 0 0 0 0 0 0 0 0 0 1
30.000 1 ATTITUDE -0.020782 2.341139 -0.175966
30.099 1 ESTIMATOR 0. 0.
30.137 1 NAVIGATION 0 2 0. 0. 0. 0. 0 0
30.155 1 GPS 0 0 0 0 0 0 0 0 0 0 1
30.204 1 WP_MOVED 7 360559.40625 4813804.5 75. 31
30.206 1 DL_VALUE 1 0.
30.357 1 DESIRED 0. 0. 0. 0. 0. 50. 0.
30.388 1 NAVIGATION 0 2 0. 0. 0. 0. 0 0
30.411 1 GPS 0 0 0 0 0 0 0 0 0 0 1
30.415 1 NAVIGATION 0 2 0. 0. 0. 0. 0 0
30.506 1 ATTITUDE -0.013475 2.474912 -0.071982
30.509 1 BAT 0 0 0 0 1 117 0 0
30.602 1 ESTIMATOR 0. 0.
30.605 1 IMU_GYRO 0.300049 -0.17749 0.242432
30.637 1 NAVIGATION 0 2 0. 0. 0. 0. 0 0
30.657 1 GPS 0 0 0 0 0 0 0 0 0 0 1
30.683 1 DOWNLINK_STATUS 17 12484 555 1 449. 19. 32.82
30.702 1 WP_MOVED 8 360462.40625 4813640. 30. 31
30.889 1 FBW_STATUS 2 0 1 0 0
30.894 1 NAVIGATION 0 2 0. 0. 0. 0. 0 0
30.907 1 GPS 0 0 0 0 0 0 0 0 0 0 1
31.002 1 ATTITUDE 0.00213 2.686158 -0.033683
31.004 1 CALIBRATION 0. 0
31.104 1 ESTIMATOR 0. 0.
31.107 1 ENERGY 0. 0. 0 0.
31.136 1 NAVIGATION 0 2 0. 0. 0. 0. 0 0
31.156 1 GPS 0 0 0 0 0 0 0 0 0 0 1
31.205 1 WP_MOVED 9 360313.8125 4813652. 0. 31
31.207 1 NAVIGATION_REF 360285 4813595 31
31.300 1 GPS_SOL 0 0 0 0
31.388 1 NAVIGATION 0 2 0. 0. 0. 0. 0 0
31.422 1 GPS 0 0 0 0 0 0 0 0 0 0 1
31.426 1 NAVIGATION 0 2 0. 0. 0. 0. 0 0
31.434 1 DESIRED 0. 0.02 0. 0. 0. 50. 0.
31.436 1 DOWNLINK 0 499 2572
31.501 1 ATTITUDE 0.179886 2.516898 -0.1177
31.603 1 ESTIMATOR 0. 0.
31.606 1 BAT 0 0 0 0 1 118 0 0
31.636 1 NAVIGATION 0 2 0. 0. 0. 0. 0 0
31.656 1 GPS 0 0 0 0 0 0 0 0 0 0 1
31.684 1 DOWNLINK_STATUS 18 12992 578 1 508. 23. 32.82
31.707 1 WP_MOVED 10 360453.8125 4813581. 75. 31
31.710 1 IMU_GYRO 0.840576 0.111572 -0.540527
31.712 1 DL_VALUE 2 50.
31.889 1 NAVIGATION 0 2 0. 0. 0. 0. 0 0
31.907 1 GPS 0 0 0 0 0 0 0 0 0 0 1
32.001 1 ATTITUDE -0.062935 2.45396 0.031235
32.098 1 ESTIMATOR 0. 0.
32.138 1 NAVIGATION 0 2 0. 0. 0. 0. 0 0
32.157 1 GPS 0 0 0 0 0 0 0 0 0 0 1
32.202 1 WP_MOVED 11 360170.5 4813757.5 75. 31
32.387 1 NAVIGATION 0 2 0. 0. 0. 0. 0 0
32.410 1 GPS 0 0 0 0 0 0 0 0 0 0 1
32.415 1 NAVIGATION 0 2 0. 0. 0. 0. 0 0
32.458 1 DESIRED 0. 0.05 0. 0. 0. 50. 0.
32.500 1 ATTITUDE -0.412129 2.379199 0.008886
32.599 1 ESTIMATOR 0. 0.
32.636 1 NAVIGATION 0 2 0. 0. 0. 0. 0 0
32.656 1 GPS 0 0 0 0 0 0 0 0 0 0 1
32.684 1 DOWNLINK_STATUS 19 13421 596 1 429. 18. 32.82
32.705 1 WP_MOVED 0 360327. 4813637. 75. 31
32.709 1 BAT 0 0 0 0 1 119 0 0
32.802 1 IMU_GYRO 0.727783 0.30542 0.037109
32.887 1 FBW_STATUS 2 0 1 0 0
32.892 1 NAVIGATION 0 2 0. 0. 0. 0. 0 0
32.907 1 GPS 0 0 0 0 0 0 0 0 0 0 1
32.983 1 COMMANDS 0,701,-520,0
33.000 1 ATTITUDE -0.120642 2.453079 0.040507
33.084 1 ACTUATORS 0,1120,1489,1450,1528,1528
33.100 1 ESTIMATOR 0. 0.
33.102 1 CALIBRATION 0. 0
33.135 1 NAVIGATION 0 2 0. 0. 0. 0. 0 0
33.157 1 GPS 0 0 0 0 0 0 0 0 0 0 1
33.204 1 WP_MOVED 1 360285. 4813595. 75. 31
33.206 1 DL_VALUE 3 0.
33.299 1 GPS_SOL 0 0 0 0
33.387 1 NAVIGATION 0 2 0. 0. 0. 0. 0 0
33.412 1 GPS 0 0 0 0 0 0 0 0 0 0 1
33.417 1 NAVIGATION 0 2 0. 0. 0. 0. 0 0
33.507 1 ATTITUDE -0.045596 2.479446 0.03192
33.513 1 DESIRED 0. 0.01 0. 0. 0. 50. 0.
33.603 1 ESTIMATOR 0. 0.
33.606 1 ENERGY 0. 0. 0 0.
33.637 1 NAVIGATION 0 2 0. 0. 0. 0. 0 0
33.657 1 GPS 0 0 0 0 0 0 0 0 0 0 1
33.685 1 DOWNLINK_STATUS 20 13966 621 1 545. 25. 32.82
33.706 1 WP_MOVED 2 360334.5 4813695. 75. 31
33.710 1 ALIVE 68,230,201,177,229,211,64,56,73,125,45,2,113,245,219,42
33.805 1 BAT 0 0 0 0 1 120 0 0
33.807 1 PPRZ_MODE 2 0 0 0 0 6
33.888 1 NAVIGATION 0 2 0. 0. 0. 0. 0 0
33.908 1 GPS 0 0 0 0 0 0 0 0 0 0 1
33.911 1 IMU_GYRO 0.116943 -0.135986 -0.236084
34.002 1 ATTITUDE -0.017227 2.373861 -0.081446
34.003 1 STATE_FILTER_STATUS 3 0
34.099 1 ESTIMATOR 0. 0.
34.136 1 NAVIGATION 0 2 0. 0. 0. 0. 0 0
34.156 1 GPS 0 0 0 0 0 0 0 0 0 0 1
34.204 1 WP_MOVED 3 360295.09375 4813785. 75. 31
34.205 1 PONG 
34.387 1 NAVIGATION 0 2 0. 0. 0. 0. 0 0
34.412 1 GPS 0 0 0 0 0 0 0 0 0 0 1
34.417 1 NAVIGATION 0 2 0. 0. 0. 0. 0 0
34.499 1 ATTITUDE -0.019308 2.297055 -0.10604
34.558 1 DESIRED 0. 0. 0. 0. 0. 50. 0.
34.598 1 ESTIMATOR 0. 0.
34.636 1 NAVIGATION 0 2 0. 0. 0. 0. 0 0
34.656 1 GPS 0 0 0 0 0 0 0 0 0 0 1
34.686 1 DOWNLINK_STATUS 21 14454 643 1 488. 22. 32.79
34.704 1 WP_MOVED 4 360417.3125 4813734. 75. 31
34.706 1 DL_VALUE 4 0.
34.818 1 WIND_INFO 1 42 0. 0. 0.
34.888 1 FBW_STATUS 2 0 1 0 0
34.892 1 NAVIGATION 0 2 0. 0. 0. 0. 0 0
34.910 1 GPS 0 0 0 0 0 0 0 0 0 0 1
34.913 1 BAT 0 0 0 0 1 122 0 0
35.005 1 ATTITUDE -0.022724 2.295108 -0.094692
35.008 1 IMU_GYRO 0.051025 0.087158 -0.047852
35.099 1 ESTIMATOR 0. 0.
35.136 1 NAVIGATION 0 2 0. 0. 0. 0. 0 0
35.157 1 GPS 0 0 0 0 0 0 0 0 0 0 1
35.202 1 WP_MOVED 5 360422. 4813583.5 75. 31
35.204 1 CALIBRATION 0. 0
35.301 1 GPS_SOL 0 0 0 0
35.388 1 NAVIGATION 0 2 0. 0. 0. 0. 0 0
35.412 1 GPS 0 0 0 0 0 0 0 0 0 0 1
35.417 1 NAVIGATION 0 2 0. 0. 0. 0. 0 0
35.500 1 ATTITUDE -0.021565 2.315081 -0.100254
35.605 1 ESTIMATOR 0. 0.
35.611 1 DESIRED 0. 0. 0. 0. 0. 50. 0.
35.636 1 NAVIGATION 0 2 0. 0. 0. 0. 0 0
35.657 1 GPS 0 0 0 0 0 0 0 0 0 0 1
35.687 1 DOWNLINK_STATUS 22 14945 665 1 491. 22. 32.79
35.700 1 WP_MOVED 6 360165.8125 4813664.5 75. 31
35.888 1 NAVIGATION 0 2 0. 0. 0. 0. 0 0
35.906 1 GPS 0 0 0 0 0 0 0 0 0 0 1
36.004 1 ATTITUDE -0.02096 2.337395 -0.10241
36.008 1 BAT 0 0 0 0 1 123 0 0
36.106 1 ESTIMATOR 0. 0.
36.109 1 IMU_GYRO 0.00415 0.032959 -0.033936
36.112 1 ENERGY 0. 0. 0 0.
36.136 1 NAVIGATION 0 2 0. 0. 0. 0. 0 0
36.155 1 GPS 0 0 0 0 0 0 0 0 0 0 1
36.204 1 WP_MOVED 7 360559.40625 4813804.5 75. 31
36.206 1 DL_VALUE 5 0.
36.388 1 NAVIGATION 0 2 0. 0. 0. 0. 0 0
36.412 1 GPS 0 0 0 0 0 0 0 0 0 0 1
36.417 1 NAVIGATION 0 2 0. 0. 0. 0. 0 0
36.502 1 ATTITUDE -0.019988 2.359968 -0.103967
36.504 1 DOWNLINK 0 477 2681
36.598 1 ESTIMATOR 0. 0.
36.636 1 NAVIGATION 0 2 0. 0. 0. 0. 0 0
36.663 1 GPS 0 0 0 0 0 0 0 0 0 0 1
36.669 1 DESIRED 0. 0. 0. 0. 0. 50. 0.
36.688 1 DOWNLINK_STATUS 23 15425 686 1 480. 21. 32.79
36.703 1 WP_MOVED 8 360462.40625 4813640. 30. 31
36.889 1 NAVIGATION 0 2 0. 0. 0. 0. 0 0
36.892 1 FBW_STATUS 2 0 1 0 0
36.907 1 GPS 0 0 0 0 0 0 0 0 0 0 1
37.001 1 ATTITUDE -0.020321 2.382656 -0.104717
37.103 1 ESTIMATOR 0. 0.
37.106 1 BAT 0 0 0 0 1 124 0 0
37.135 1 NAVIGATION 0 2 0. 0. 0. 0. 0 0
37.157 1 GPS 0 0 0 0 0 0 0 0 0 0 1
37.205 1 WP_MOVED 9 360313.8125 4813652. 0. 31
37.208 1 IMU_GYRO 0.008301 0.010498 -0.036133
37.303 1 GPS_SOL 0 0 0 0
37.304 1 CALIBRATION 0. 0
37.388 1 NAVIGATION 0 2 0. 0. 0. 0. 0 0
37.410 1 GPS 0 0 0 0 0 0 0 0 0 0 1
37.415 1 NAVIGATION 0 2 0. 0. 0. 0. 0 0
37.500 1 ATTITUDE -0.020796 2.405372 -0.105215
37.599 1 ESTIMATOR 0. 0.
37.638 1 NAVIGATION 0 2 0. 0. 0. 0. 0 0
37.655 1 GPS 0 0 0 0 0 0 0 0 0 0 1
37.689 1 DOWNLINK_STATUS 24 15871 706 1 446. 20. 32.79
37.711 1 WP_MOVED 10 360453.8125 4813581. 75. 31
37.717 1 DESIRED 0. 0. 0. 0. 0. 50. 0.
37.719 1 DL_VALUE 6 100.
37.887 1 NAVIGATION 0 2 0. 0. 0. 0. 0 0
37.907 1 GPS 0 0 0 0 0 0 0 0 0 0 1
37.982 1 COMMANDS 0,154,2172,0
38.000 1 ATTITUDE -0.021034 2.428161 -0.106043
38.084 1 ACTUATORS 0,1120,1602,1442,1507,1507
38.099 1 ESTIMATOR 0. 0.
38.136 1 NAVIGATION 0 2 0. 0. 0. 0. 0 0
38.157 1 GPS 0 0 0 0 0 0 0 0 0 0 1
38.205 1 WP_MOVED 11 360170.5 4813757.5 75. 31
38.209 1 BAT 0 0 0 0 1 125 0 0
38.299 1 IMU_GYRO 0.006348 0.026367 -0.033936
38.387 1 NAVIGATION 0 2 0. 0. 0. 0. 0 0
38.411 1 GPS 0 0 0 0 0 0 0 0 0 0 1
38.416 1 NAVIGATION 0 2 0. 0. 0. 0. 0 0
38.499 1 ATTITUDE -0.021121 2.451277 -0.107182
38.602 1 ESTIMATOR 0. 0.
38.605 1 ENERGY 0. 0. 0 0.
38.637 1 NAVIGATION 0 2 0. 0. 0. 0. 0 0
38.657 1 GPS 0 0 0 0 0 0 0 0 0 0 1
38.690 1 DOWNLINK_STATUS 25 16374 728 1 503. 22. 32.79
38.706 1 WP_MOVED 0 360327. 4813637. 75. 31
38.710 1 ALIVE 68,230,201,177,229,211,64,56,73,125,45,2,113,245,219,42
38.757 1 DESIRED 0. 0. 0. 0. 0. 50. 0.
38.799 1 PPRZ_MODE 2 0 0 0 0 6
38.887 1 FBW_STATUS 2 0 1 0 0
38.891 1 NAVIGATION 0 2 0. 0. 0. 0. 0 0
38.907 1 GPS 0 0 0 0 0 0 0 0 0 0 1
39.002 1 ATTITUDE -0.021601 2.474029 -0.107572
39.004 1 STATE_FILTER_STATUS 3 0
39.098 1 ESTIMATOR 0. 0.
39.137 1 NAVIGATION 0 2 0. 0. 0. 0. 0 0
39.155 1 GPS 0 0 0 0 0 0 0 0 0 0 1
39.206 1 WP_MOVED 1 360285. 4813595. 75. 31
39.208 1 DL_VALUE 7 2.
39.209 1 PONG 
39.304 1 BAT 0 0 0 0 1 126 0 0
39.307 1 GPS_SOL 0 0 0 0
39.389 1 NAVIGATION 0 2 0. 0. 0. 0. 0 0
39.417 1 GPS 0 0 0 0 0 0 0 0 0 0 1
39.422 1 NAVIGATION 0 2 0. 0. 0. 0. 0 0
39.427 1 IMU_GYRO 0.006348 0.02124 -0.033936
39.436 1 CALIBRATION 0. 0
39.500 1 ATTITUDE -0.02179 2.496731 -0.108589
39.599 1 ESTIMATOR 0. 0.
39.637 1 NAVIGATION 0 2 0. 0. 0. 0. 0 0
39.656 1 GPS 0 0 0 0 0 0 0 0 0 0 1
39.691 1 DOWNLINK_STATUS 26 16915 754 1 541. 26. 35.81
39.701 1 WP_MOVED 2 360334.5 4813695. 75. 31
39.806 1 DESIRED 0. 0. 0. 0. 0. 50. 0.
39.886 1 NAVIGATION 0 2 0. 0. 0. 0. 0 0
39.904 1 GPS 0 0 0 0 0 0 0 0 0 0 1
40.000 1 ATTITUDE -0.022194 2.519566 -0.108823
40.099 1 ESTIMATOR 0. 0.
40.141 1 NAVIGATION 0 2 0. 0. 0. 0. 0 0
40.157 1 GPS 0 0 0 0 0 0 0 0 0 0 1
40.204 1 WP_MOVED 3 360295.09375 4813785. 75. 31
40.206 1 NAVIGATION_REF 360285 4813595 31
40.386 1 NAVIGATION 0 2 0. 0. 0. 0. 0 0
40.416 1 GPS 0 0 0 0 0 0 0 0 0 0 1
40.420 1 NAVIGATION 0 2 0. 0. 0. 0. 0 0
40.424 1 BAT 0 0 0 0 1 127 0 0
40.504 1 ATTITUDE -0.022529 2.542331 -0.109503
40.507 1 IMU_GYRO 0.00415 0.027588 -0.033936
40.598 1 ESTIMATOR 0. 0.
40.638 1 NAVIGATION 0 2 0. 0. 0. 0. 0 0
40.655 1 GPS 0 0 0 0 0 0 0 0 0 0 1
40.692 1 DOWNLINK_STATUS 27 17368 773 1 453. 19. 35.81
40.702 1 WP_MOVED 4 360417.3125 4813734. 75. 31
40.704 1 DL_VALUE 8 0.
40.856 1 DESIRED 0. 0. 0. 0. 0. 50. 0.
40.887 1 FBW_STATUS 2 0 1 0 0
40.891 1 NAVIGATION 0 2 0. 0. 0. 0. 0 0
40.907 1 GPS 0 0 0 0 0 0 0 0 0 0 1
40.998 1 ATTITUDE -0.023134 2.565107 -0.109907
41.103 1 ESTIMATOR 0. 0.
41.106 1 ENERGY 0. 0. 0 0.
41.136 1 NAVIGATION 0 2 0. 0. 0. 0. 0 0
41.157 1 GPS 0 0 0 0 0 0 0 0 0 0 1
41.199 1 WP_MOVED 5 360422. 4813583.5 75. 31
41.299 1 GPS_SOL 0 0 0 0
41.387 1 NAVIGATION 0 2 0. 0. 0. 0. 0 0
41.412 1 GPS 0 0 0 0 0 0 0 0 0 0 1
41.417 1 NAVIGATION 0 2 0. 0. 0. 0. 0 0
41.506 1 ATTITUDE -0.023448 2.587771 -0.111246
41.509 1 BAT 0 0 0 0 1 128 0 0
41.511 1 CALIBRATION 0. 0
41.604 1 ESTIMATOR 0. 0.
41.607 1 IMU_GYRO 0.00415 0.013672 -0.033936
41.609 1 DOWNLINK 0 492 2794
41.635 1 NAVIGATION 0 2 0. 0. 0. 0. 0 0
41.656 1 GPS 0 0 0 0 0 0 0 0 0 0 1
41.693 1 DOWNLINK_STATUS 28 17890 797 1 522. 24. 35.81
41.703 1 WP_MOVED 6 360165.8125 4813664.5 75. 31
41.886 1 NAVIGATION 0 2 0. 0. 0. 0. 0 0
41.912 1 GPS 0 0 0 0 0 0 0 0 0 0 1
41.918 1 DESIRED 0. 0. 0. 0. 0. 50. 0.
41.999 1 ATTITUDE -0.0243 2.610605 -0.110787
42.098 1 ESTIMATOR 0. 0.
42.137 1 NAVIGATION 0 2 0. 0. 0. 0. 0 0
42.157 1 GPS 0 0 0 0 0 0 0 0 0 0 1
42.204 1 WP_MOVED 7 360559.40625 4813804.5 75. 31
42.206 1 DL_VALUE 9 1.
42.386 1 NAVIGATION 0 2 0. 0. 0. 0. 0 0
42.412 1 GPS 0 0 0 0 0 0 0 0 0 0 1
42.416 1 NAVIGATION 0 2 0. 0. 0. 0. 0 0
42.500 1 ATTITUDE -0.024648 2.633422 -0.111657
42.603 1 ESTIMATOR 0. 0.
42.607 1 BAT 0 0 0 0 1 129 0 0
42.637 1 NAVIGATION 0 2 0. 0. 0. 0. 0 0
42.655 1 GPS 0 0 0 0 0 0 0 0 0 0 1
42.694 1 DOWNLINK_STATUS 29 18321 815 1 431. 18. 35.81
42.705 1 WP_MOVED 8 360462.40625 4813640. 30. 31
42.708 1 IMU_GYRO 0.006348 0.031738 -0.034912
42.888 1 FBW_STATUS 2 0 1 0 0
42.892 1 NAVIGATION 0 2 0. 0. 0. 0. 0 0
42.906 1 GPS 0 0 0 0 0 0 0 0 0 0 1
42.956 1 DESIRED 0. 0. 0. 0. 0. 50. 0.
42.982 1 COMMANDS 0,179,2361,0
42.999 1 ATTITUDE -0.02452 2.656086 -0.115068
43.083 1 ACTUATORS 0,1120,1609,1443,1509,1509
43.099 1 ESTIMATOR 0. 0.
43.135 1 NAVIGATION 0 2 0. 0. 0. 0. 0 0
43.157 1 GPS 0 0 0 0 0 0 0 0 0 0 1
43.201 1 WP_MOVED 9 360313.8125 4813652. 0. 31
43.298 1 GPS_SOL 0 0 0 0
43.386 1 NAVIGATION 0 2 0. 0. 0. 0. 0 0
43.410 1 GPS 0 0 0 0 0 0 0 0 0 0 1
43.414 1 NAVIGATION 0 2 0. 0. 0. 0. 0 0
43.499 1 ATTITUDE -0.025699 2.679082 -0.112373
43.605 1 ESTIMATOR 0. 0.
43.607 1 CALIBRATION 0. 0
43.611 1 ENERGY 0. 0. 0 0.
43.636 1 NAVIGATION 0 2 0. 0. 0. 0. 0 0
43.656 1 GPS 0 0 0 0 0 0 0 0 0 0 1
43.695 1 DOWNLINK_STATUS 30 18835 838 1 514. 23. 35.81
43.711 1 WP_MOVED 10 360453.8125 4813581. 75. 31
43.715 1 BAT 0 0 0 0 1 130 0 0
43.716 1 DL_VALUE 10 0.
43.720 1 ALIVE 68,230,201,177,229,211,64,56,73,125,45,2,113,245,219,42
43.803 1 IMU_GYRO -0.019043 0.171143 -0.043457
43.805 1 PPRZ_MODE 2 0 0 0 0 6
43.887 1 NAVIGATION 0 2 0. 0. 0. 0. 0 0
43.904 1 GPS 0 0 0 0 0 0 0 0 0 0 1
44.010 1 ATTITUDE -0.028236 2.692517 -0.107139
44.016 1 DESIRED 0. 0. 0. 0. 0. 50. 0.
44.018 1 STATE_FILTER_STATUS 3 0
44.100 1 ESTIMATOR 0. 0.
44.136 1 NAVIGATION 0 2 0. 0. 0. 0. 0 0
44.155 1 GPS 0 0 0 0 0 0 0 0 0 0 1
44.206 1 WP_MOVED 11 360170.5 4813757.5 75. 31
44.220 1 PONG 
44.386 1 NAVIGATION 0 2 0. 0. 0. 0. 0 0
44.411 1 GPS 0 0 0 0 0 0 0 0 0 0 1
44.416 1 NAVIGATION 0 2 0. 0. 0. 0. 0 0
44.501 1 ATTITUDE -0.031023 2.716247 -0.089681
44.598 1 ESTIMATOR 0. 0.
44.636 1 NAVIGATION 0 2 0. 0. 0. 0. 0 0
44.655 1 GPS 0 0 0 0 0 0 0 0 0 0 1
44.696 1 DOWNLINK_STATUS 31 19334 861 1 499. 23. 45.77
44.700 1 WP_MOVED 0 360327. 4813637. 75. 31
44.801 1 BAT 0 0 0 0 1 131 0 0
44.818 1 WIND_INFO 1 42 0. 0. 0.
44.886 1 FBW_STATUS 2 0 1 0 0
44.891 1 NAVIGATION 0 2 0. 0. 0. 0. 0 0
44.910 1 GPS 0 0 0 0 0 0 0 0 0 0 1
44.913 1 IMU_GYRO 0.008301 0.023193 -0.033936
44.999 1 ATTITUDE -0.031941 2.73915 -0.090201
45.055 1 DESIRED 0. 0. 0. 0. 0. 50. 0.
45.099 1 ESTIMATOR 0. 0.
45.135 1 NAVIGATION 0 2 0. 0. 0. 0. 0 0
45.156 1 GPS 0 0 0 0 0 0 0 0 0 0 1
45.202 1 WP_MOVED 1 360285. 4813595. 75. 31
45.204 1 DL_VALUE 0 0.
45.299 1 GPS_SOL 0 0 0 0
45.387 1 NAVIGATION 0 2 0. 0. 0. 0. 0 0
45.410 1 GPS 0 0 0 0 0 0 0 0 0 0 1
45.414 1 NAVIGATION 0 2 0. 0. 0. 0. 0 0
45.498 1 ATTITUDE -0.033277 2.762045 -0.095265
45.598 1 ESTIMATOR 0. 0.
45.635 1 NAVIGATION 0 2 0. 0. 0. 0. 0 0
45.654 1 GPS 0 0 0 0 0 0 0 0 0 0 1
45.697 1 DOWNLINK_STATUS 32 19814 882 1 480. 21. 45.77
45.702 1 WP_MOVED 2 360334.5 4813695. 75. 31
45.704 1 CALIBRATION 0. 0
45.885 1 NAVIGATION 0 2 0. 0. 0. 0. 0 0
45.909 1 GPS 0 0 0 0 0 0 0 0 0 0 1
45.913 1 BAT 0 0 0 0 1 133 0 0
46.003 1 ATTITUDE -0.032938 2.784531 -0.102349
46.006 1 IMU_GYRO 0.006348 0.022217 -0.034912
46.110 1 ESTIMATOR 0. 0.
46.116 1 DESIRED 0. 0. 0. 0. 0. 50. 0.
46.119 1 ENERGY 0. 0. 0 0.
46.136 1 NAVIGATION 0 2 0. 0. 0. 0. 0 0
46.156 1 GPS 0 0 0 0 0 0 0 0 0 0 1
46.200 1 WP_MOVED 3 360295.09375 4813785. 75. 31
46.387 1 NAVIGATION 0 2 0. 0. 0. 0. 0 0
46.412 1 GPS 0 0 0 0 0 0 0 0 0 0 1
46.416 1 NAVIGATION 0 2 0. 0. 0. 0. 0 0
46.500 1 ATTITUDE -0.033448 2.807246 -0.104177
46.598 1 ESTIMATOR 0. 0.
46.637 1 NAVIGATION 0 2 0. 0. 0. 0. 0 0
46.655 1 GPS 0 0 0 0 0 0 0 0 0 0 1
46.698 1 DOWNLINK_STATUS 33 20283 902 1 469. 20. 45.77
46.706 1 WP_MOVED 4 360417.3125 4813734. 75. 31
46.708 1 DL_VALUE 1 0.
46.710 1 DOWNLINK 0 489 2904
46.886 1 FBW_STATUS 2 0 1 0 0
46.891 1 NAVIGATION 0 2 0. 0. 0. 0. 0 0
46.907 1 GPS 0 0 0 0 0 0 0 0 0 0 1
47.005 1 ATTITUDE -0.03407 2.829983 -0.104073
47.009 1 BAT 0 0 0 0 1 134 0 0
47.101 1 ESTIMATOR 0. 0.
47.104 1 IMU_GYRO 0.008301 0.019043 -0.033936
47.136 1 NAVIGATION 0 2 0. 0. 0. 0. 0 0
47.162 1 GPS 0 0 0 0 0 0 0 0 0 0 1
47.168 1 DESIRED 0. 0. 0. 0. 0. 50. 0.
47.200 1 WP_MOVED 5 360422. 4813583.5 75. 31
47.299 1 GPS_SOL 0 0 0 0
47.386 1 NAVIGATION 0 2 0. 0. 0. 0. 0 0
47.410 1 GPS 0 0 0 0 0 0 0 0 0 0 1
47.414 1 NAVIGATION 0 2 0. 0. 0. 0. 0 0
47.500 1 ATTITUDE -0.034434 2.852675 -0.10573
47.598 1 ESTIMATOR 0. 0.
47.636 1 NAVIGATION 0 2 0. 0. 0. 0. 0 0
47.654 1 GPS 0 0 0 0 0 0 0 0 0 0 1
47.699 1 DOWNLINK_STATUS 34 20774 924 1 491. 22. 45.77
47.700 1 WP_MOVED 6 360165.8125 4813664.5 75. 31
47.798 1 CALIBRATION 0. 0
47.888 1 NAVIGATION 0 2 0. 0. 0. 0. 0 0
47.905 1 GPS 0 0 0 0 0 0 0 0 0 0 1
47.981 1 COMMANDS 0,260,2158,0
47.999 1 ATTITUDE -0.035337 2.875475 -0.103525
48.083 1 ACTUATORS 0,1120,1601,1444,1513,1513
48.103 1 ESTIMATOR 0. 0.
48.107 1 BAT 0 0 0 0 1 135 0 0
48.136 1 NAVIGATION 0 2 0. 0. 0. 0. 0 0
48.156 1 GPS 0 0 0 0 0 0 0 0 0 0 1
48.213 1 WP_MOVED 7 360559.40625 4813804.5 75. 31
48.219 1 DESIRED 0. 0. 0. 0. 0. 50. 0.
48.222 1 IMU_GYRO 0.00415 0.02124 -0.033936
48.224 1 DL_VALUE 2 50.
48.386 1 NAVIGATION 0 2 0. 0. 0. 0. 0 0
48.412 1 GPS 0 0 0 0 0 0 0 0 0 0 1
48.417 1 NAVIGATION 0 2 0. 0. 0. 0. 0 0
48.501 1 ATTITUDE -0.035905 2.898182 -0.103635
48.601 1 ESTIMATOR 0. 0.
48.605 1 ENERGY 0. 0. 0 0.
48.636 1 NAVIGATION 0 2 0. 0. 0. 0. 0 0
48.655 1 GPS 0 0 0 0 0 0 0 0 0 0 1
48.699 1 DOWNLINK_STATUS 35 21288 947 1 514. 23. 45.77
48.704 1 WP_MOVED 8 360462.40625 4813640. 30. 31
48.708 1 ALIVE 68,230,201,177,229,211,64,56,73,125,45,2,113,245,219,42
48.798 1 PPRZ_MODE 2 0 0 0 0 6
48.888 1 FBW_STATUS 2 0 1 0 0
48.892 1 NAVIGATION 0 2 0. 0. 0. 0. 0 0
48.909 1 GPS 0 0 0 0 0 0 0 0 0 0 1
49.002 1 ATTITUDE -0.035394 2.920561 -0.107149
49.003 1 STATE_FILTER_STATUS 3 0
49.098 1 ESTIMATOR 0. 0.
49.136 1 NAVIGATION 0 2 0. 0. 0. 0. 0 0
49.156 1 GPS 0 0 0 0 0 0 0 0 0 0 1
49.209 1 WP_MOVED 9 360313.8125 4813652. 0. 31
49.212 1 BAT 0 0 0 0 1 136 0 0
49.215 1 NAVIGATION_REF 360285 4813595 31
49.216 1 PONG 
49.256 1 DESIRED 0. 0. 0. 0. 0. 50. 0.
49.302 1 IMU_GYRO 0.001953 0.028564 -0.033936
49.305 1 GPS_SOL 0 0 0 0
49.387 1 NAVIGATION 0 2 0. 0. 0. 0. 0 0
49.411 1 GPS 0 0 0 0 0 0 0 0 0 0 1
49.416 1 NAVIGATION 0 2 0. 0. 0. 0. 0 0
49.498 1 ATTITUDE -0.036377 2.943252 -0.106125
49.597 1 ESTIMATOR 0. 0.
49.635 1 NAVIGATION 0 2 0. 0. 0. 0. 0 0
49.655 1 GPS 0 0 0 0 0 0 0 0 0 0 1
49.700 1 DOWNLINK_STATUS 36 21822 972 1 534. 25. 40.81
49.701 1 WP_MOVED 10 360453.8125 4813581. 75. 31
49.703 1 DL_VALUE 3 0.
49.887 1 NAVIGATION 0 2 0. 0. 0. 0. 0 0
49.908 1 GPS 0 0 0 0 0 0 0 0 0 0 1
49.910 1 CALIBRATION 0. 0
49.999 1 ATTITUDE -0.03673 2.966159 -0.104794
50.098 1 ESTIMATOR 0. 0.
50.137 1 NAVIGATION 0 2 0. 0. 0. 0. 0 0
50.155 1 GPS 0 0 0 0 0 0 0 0 0 0 1
50.201 1 WP_MOVED 11 360170.5 4813757.5 75. 31
50.310 1 DESIRED 0. 0. 0. 0. 0. 50. 0.
50.314 1 BAT 0 0 0 0 1 137 0 0
50.385 1 NAVIGATION 0 2 0. 0. 0. 0. 0 0
50.414 1 GPS 0 0 0 0 0 0 0 0 0 0 1
50.418 1 NAVIGATION 0 2 0. 0. 0. 0. 0 0
50.422 1 IMU_GYRO 0.006348 0.024414 -0.032959
50.498 1 ATTITUDE -0.037337 2.988966 -0.104118
50.598 1 ESTIMATOR 0. 0.
50.636 1 NAVIGATION 0 2 0. 0. 0. 0. 0 0
50.656 1 GPS 0 0 0 0 0 0 0 0 0 0 1
50.700 1 WP_MOVED 0 360327. 4813637. 75. 31
50.700 1 DOWNLINK_STATUS 37 22302 993 1 480. 21. 40.81
50.890 1 NAVIGATION 0 2 0. 0. 0. 0. 0 0
50.892 1 FBW_STATUS 2 0 1 0 0
50.909 1 GPS 0 0 0 0 0 0 0 0 0 0 1
51.000 1 ATTITUDE -0.037761 3.011714 -0.10437
51.102 1 ESTIMATOR 0. 0.
51.105 1 ENERGY 0. 0. 0 0.
51.137 1 NAVIGATION 0 2 0. 0. 0. 0. 0 0
51.155 1 GPS 0 0 0 0 0 0 0 0 0 0 1
51.202 1 WP_MOVED 1 360285. 4813595. 75. 31
51.204 1 DL_VALUE 4 0.
51.300 1 GPS_SOL 0 0 0 0
51.356 1 DESIRED 0. 0. 0. 0. 0. 50. 0.
51.385 1 NAVIGATION 0 2 0. 0. 0. 0. 0 0
51.415 1 GPS 0 0 0 0 0 0 0 0 0 0 1
51.420 1 NAVIGATION 0 2 0. 0. 0. 0. 0 0
51.423 1 BAT 0 0 0 0 1 138 0 0
51.503 1 ATTITUDE -0.038397 3.035015 -0.104218
51.506 1 IMU_GYRO 0.006348 0.025391 -0.033936
51.598 1 ESTIMATOR 0. 0.
51.636 1 NAVIGATION 0 2 0. 0. 0. 0. 0 0
51.655 1 GPS 0 0 0 0 0 0 0 0 0 0 1
51.699 1 WP_MOVED 2 360334.5 4813695. 75. 31
51.700 1 DOWNLINK_STATUS 38 22802 1015 1 500. 22. 40.81
51.795 1 DOWNLINK 0 0 3015
51.887 1 NAVIGATION 0 2 0. 0. 0. 0. 0 0
51.906 1 GPS 0 0 0 0 0 0 0 0 0 0 1
52.001 1 ATTITUDE -0.039099 3.057809 -0.104328
52.003 1 CALIBRATION 0. 0
52.098 1 ESTIMATOR 0. 0.
52.136 1 NAVIGATION 0 2 0. 0. 0. 0. 0 0
52.154 1 GPS 0 0 0 0 0 0 0 0 0 0 1
52.200 1 WP_MOVED 3 360295.09375 4813785. 75. 31
52.387 1 NAVIGATION 0 2 0. 0. 0. 0. 0 0
52.418 1 GPS 0 0 0 0 0 0 0 0 0 0 1
52.422 1 NAVIGATION 0 2 0. 0. 0. 0. 0 0
52.428 1 DESIRED 0. 0. 0. 0. 0. 50. 0.
52.503 1 ATTITUDE -0.039476 3.080552 -0.104318
52.507 1 BAT 0 0 0 0 1 139 0 0
52.602 1 ESTIMATOR 0. 0.
52.605 1 IMU_GYRO 0.00415 0.018066 -0.033936
52.637 1 NAVIGATION 0 2 0. 0. 0. 0. 0 0
52.655 1 GPS 0 0 0 0 0 0 0 0 0 0 1
52.701 1 DOWNLINK_STATUS 39 23242 1034 1 440. 19. 40.81
52.703 1 WP_MOVED 4 360417.3125 4813734. 75. 31
52.705 1 DL_VALUE 5 0.
52.885 1 FBW_STATUS 2 0 1 0 0
52.890 1 NAVIGATION 0 2 0. 0. 0. 0. 0 0
52.904 1 GPS 0 0 0 0 0 0 0 0 0 0 1
52.980 1 COMMANDS 0,295,2186,0
52.999 1 ATTITUDE -0.040132 3.103367 -0.104237
53.082 1 ACTUATORS 0,1120,1602,1445,1515,1515
53.097 1 ESTIMATOR 0. 0.
53.137 1 NAVIGATION 0 2 0. 0. 0. 0. 0 0
53.156 1 GPS 0 0 0 0 0 0 0 0 0 0 1
53.201 1 WP_MOVED 5 360422. 4813583.5 75. 31
53.298 1 GPS_SOL 0 0 0 0
53.389 1 NAVIGATION 0 2 0. 0. 0. 0. 0 0
53.411 1 GPS 0 0 0 0 0 0 0 0 0 0 1
53.416 1 NAVIGATION 0 2 0. 0. 0. 0. 0 0
53.455 1 DESIRED 0. 0.01 0. 0. 0. 50. 0.
53.500 1 ATTITUDE -0.040606 3.126227 -0.103661
53.607 1 ESTIMATOR 0. 0.
53.610 1 BAT 0 0 0 0 1 140 0 0
53.617 1 ENERGY 0. 0. 0 0.
53.635 1 NAVIGATION 0 2 0. 0. 0. 0. 0 0
53.655 1 GPS 0 0 0 0 0 0 0 0 0 0 1
53.701 1 DOWNLINK_STATUS 40 23758 1057 1 516. 23. 40.81
53.708 1 WP_MOVED 6 360165.8125 4813664.5 75. 31
53.711 1 IMU_GYRO 0.00415 0.027588 -0.033936
53.715 1 ALIVE 68,230,201,177,229,211,64,56,73,125,45,2,113,245,219,42
53.796 1 PPRZ_MODE 2 0 0 0 0 6
53.887 1 NAVIGATION 0 2 0. 0. 0. 0. 0 0
53.905 1 GPS 0 0 0 0 0 0 0 0 0 0 1
54.002 1 ATTITUDE -0.041278 -3.134185 -0.103689
54.004 1 STATE_FILTER_STATUS 3 0
54.101 1 ESTIMATOR 0. 0.
54.103 1 CALIBRATION 0. 0
54.137 1 NAVIGATION 0 2 0. 0. 0. 0. 0 0
54.155 1 GPS 0 0 0 0 0 0 0 0 0 0 1
54.207 1 WP_MOVED 7 360559.40625 4813804.5 75. 31
54.209 1 DL_VALUE 6 100.
54.219 1 PONG 
54.386 1 NAVIGATION 0 2 0. 0. 0. 0. 0 0
54.411 1 GPS 0 0 0 0 0 0 0 0 0 0 1
54.416 1 NAVIGATION 0 2 0. 0. 0. 0. 0 0
54.505 1 ATTITUDE -0.041656 -3.111369 -0.104544
54.511 1 DESIRED 0. 0.01 0. 0. 0. 50. 0.
54.599 1 ESTIMATOR 0. 0.
54.636 1 NAVIGATION 0 2 0. 0. 0. 0. 0 0
54.654 1 GPS 0 0 0 0 0 0 0 0 0 0 1
54.702 1 DOWNLINK_STATUS 41 24248 1080 1 490. 23. 42.82
54.705 1 WP_MOVED 8 360462.40625 4813640. 30. 31
54.708 1 BAT 0 0 0 0 1 141 0 0
54.799 1 IMU_GYRO 0.00415 0.005127 -0.036133
54.818 1 WIND_INFO 1 42 0. 0. 0.
54.886 1 FBW_STATUS 2 0 1 0 0
54.890 1 NAVIGATION 0 2 0. 0. 0. 0. 0 0
54.904 1 GPS 0 0 0 0 0 0 0 0 0 0 1
54.999 1 ATTITUDE -0.041831 -3.088783 -0.105764
55.098 1 ESTIMATOR 0. 0.
55.136 1 NAVIGATION 0 2 0. 0. 0. 0. 0 0
55.156 1 GPS 0 0 0 0 0 0 0 0 0 0 1
55.200 1 WP_MOVED 9 360313.8125 4813652. 0. 31
55.301 1 GPS_SOL 0 0 0 0
55.385 1 NAVIGATION 0 2 0. 0. 0. 0. 0 0
55.411 1 GPS 0 0 0 0 0 0 0 0 0 0 1
55.416 1 NAVIGATION 0 2 0. 0. 0. 0. 0 0
55.500 1 ATTITUDE -0.042456 -3.065875 -0.104009
55.555 1 DESIRED 0. 0.01 0. 0. 0. 50. 0.
55.598 1 ESTIMATOR 0. 0.
55.636 1 NAVIGATION 0 2 0. 0. 0. 0. 0 0
55.655 1 GPS 0 0 0 0 0 0 0 0 0 0 1
55.702 1 WP_MOVED 10 360453.8125 4813581. 75. 31
55.702 1 DOWNLINK_STATUS 42 24737 1101 1 489. 21. 42.82
55.704 1 DL_VALUE 7 2.
55.800 1 BAT 0 0 0 0 1 142 0 0
55.886 1 NAVIGATION 0 2 0. 0. 0. 0. 0 0
55.908 1 GPS 0 0 0 0 0 0 0 0 0 0 1
55.911 1 IMU_GYRO 0.001953 0.013672 -0.032959
55.999 1 ATTITUDE -0.042963 -3.042981 -0.102988
56.101 1 ESTIMATOR 0. 0.
56.105 1 ENERGY 0. 0. 0 0.
56.136 1 NAVIGATION 0 2 0. 0. 0. 0. 0 0
56.156 1 GPS 0 0 0 0 0 0 0 0 0 0 1
56.202 1 WP_MOVED 11 360170.5 4813757.5 75. 31
56.204 1 CALIBRATION 0. 0
56.387 1 NAVIGATION 0 2 0. 0. 0. 0. 0 0
56.411 1 GPS 0 0 0 0 0 0 0 0 0 0 1
56.417 1 NAVIGATION 0 2 0. 0. 0. 0. 0 0
56.498 1 ATTITUDE -0.043199 -3.02016 -0.102826
56.606 1 ESTIMATOR 0. 0.
56.611 1 DESIRED 0. 0.01 0. 0. 0. 50. 0.
56.634 1 NAVIGATION 0 2 0. 0. 0. 0. 0 0
56.655 1 GPS 0 0 0 0 0 0 0 0 0 0 1
56.700 1 WP_MOVED 0 360327. 4813637. 75. 31
56.702 1 DOWNLINK_STATUS 43 25217 1122 1 480. 21. 42.82
56.885 1 FBW_STATUS 2 0 1 0 0
56.890 1 NAVIGATION 0 2 0. 0. 0. 0. 0 0
56.912 1 GPS 0 0 0 0 0 0 0 0 0 0 1
56.916 1 BAT 0 0 0 0 1 144 0 0
56.918 1 DOWNLINK 0 491 3126
57.003 1 ATTITUDE -0.043586 -2.997273 -0.102884
57.006 1 IMU_GYRO 0.006348 0.023193 -0.032959
57.098 1 ESTIMATOR 0. 0.
57.135 1 NAVIGATION 0 2 0. 0. 0. 0. 0 0
57.155 1 GPS 0 0 0 0 0 0 0 0 0 0 1
57.203 1 WP_MOVED 1 360285. 4813595. 75. 31
57.205 1 DL_VALUE 8 0.
57.299 1 GPS_SOL 0 0 0 0
57.385 1 NAVIGATION 0 2 0. 0. 0. 0. 0 0
57.410 1 GPS 0 0 0 0 0 0 0 0 0 0 1
57.417 1 NAVIGATION 0 2 0. 0. 0. 0. 0 0
57.499 1 ATTITUDE -0.044071 -2.974476 -0.102528
57.597 1 ESTIMATOR 0. 0.
57.635 1 NAVIGATION 0 2 0. 0. 0. 0. 0 0
57.662 1 GPS 0 0 0 0 0 0 0 0 0 0 1
57.668 1 DESIRED 0. 0.01 0. 0. 0. 50. 0.
57.699 1 WP_MOVED 2 360334.5 4813695. 75. 31
57.703 1 DOWNLINK_STATUS 44 25708 1144 1 491. 22. 42.82
57.886 1 NAVIGATION 0 2 0. 0. 0. 0. 0 0
57.904 1 GPS 0 0 0 0 0 0 0 0 0 0 1
57.982 1 COMMANDS 0,325,2218,0
58.003 1 ATTITUDE -0.044549 -2.95187 -0.104983
58.007 1 BAT 0 0 0 0 1 145 0 0
58.082 1 ACTUATORS 0,1120,1603,1446,1517,1517
58.100 1 ESTIMATOR 0. 0.
58.103 1 IMU_GYRO 0.008301 0.005127 -0.036133
58.136 1 NAVIGATION 0 2 0. 0. 0. 0. 0 0
58.156 1 GPS 0 0 0 0 0 0 0 0 0 0 1
58.203 1 WP_MOVED 3 360295.09375 4813785. 75. 31
58.206 1 NAVIGATION_REF 360285 4813595 31
58.296 1 CALIBRATION 0. 0
58.390 1 NAVIGATION 0 2 0. 0. 0. 0. 0 0
58.410 1 GPS 0 0 0 0 0 0 0 0 0 0 1
58.415 1 NAVIGATION 0 2 0. 0. 0. 0. 0 0
58.500 1 ATTITUDE -0.044051 -2.929437 -0.106602
58.600 1 ESTIMATOR 0. 0.
58.604 1 ENERGY 0. 0. 0 0.
58.636 1 NAVIGATION 0 2 0. 0. 0. 0. 0 0
58.654 1 GPS 0 0 0 0 0 0 0 0 0 0 1
58.704 1 DOWNLINK_STATUS 45 26172 1165 1 464. 21. 42.82
58.712 1 WP_MOVED 4 360417.3125 4813734. 75. 31
58.718 1 DESIRED 0. 0.01 0. 0. 0. 50. 0.
58.720 1 DL_VALUE 9 1.
58.725 1 ALIVE 68,230,201,177,229,211,64,56,73,125,45,2,113,245,219,42
58.796 1 PPRZ_MODE 2 0 0 0 0 6
58.888 1 FBW_STATUS 2 0 1 0 0
58.892 1 NAVIGATION 0 2 0. 0. 0. 0. 0 0
58.907 1 GPS 0 0 0 0 0 0 0 0 0 0 1
59.002 1 ATTITUDE -0.036181 -2.908031 -0.135444
59.004 1 STATE_FILTER_STATUS 3 0
59.102 1 ESTIMATOR 0. 0.
59.106 1 BAT 0 0 0 0 1 146 0 0
59.135 1 NAVIGATION 0 2 0. 0. 0. 0. 0 0
59.154 1 GPS 0 0 0 0 0 0 0 0 0 0 1
59.208 1 WP_MOVED 5 360422. 4813583.5 75. 31
59.211 1 IMU_GYRO 0.008301 0.081787 -0.031738
59.221 1 PONG 
59.298 1 GPS_SOL 0 0 0 0
59.386 1 NAVIGATION 0 2 0. 0. 0. 0. 0 0
59.411 1 GPS 0 0 0 0 0 0 0 0 0 0 1
59.415 1 NAVIGATION 0 2 0. 0. 0. 0. 0 0
59.499 1 ATTITUDE -0.038681 -2.885075 -0.12713
59.598 1 ESTIMATOR 0. 0.
59.635 1 NAVIGATION 0 2 0. 0. 0. 0. 0 0
59.655 1 GPS 0 0 0 0 0 0 0 0 0 0 1
59.699 1 WP_MOVED 6 360165.8125 4813664.5 75. 31
59.705 1 DOWNLINK_STATUS 46 26722 1191 1 550. 26. 43.82
59.755 1 DESIRED 0. 0. 0. 0. 0. 50. 0.
59.885 1 NAVIGATION 0 2 0. 0. 0. 0. 0 0
59.905 1 GPS 0 0 0 0 0 0 0 0 0 0 1
60.000 1 ATTITUDE -0.037999 -2.862301 -0.132895
60.098 1 ESTIMATOR 0. 0.
60.136 1 NAVIGATION 0 2 0. 0. 0. 0. 0 0
60.155 1 GPS 0 0 0 0 0 0 0 0 0 0 1
60.206 1 WP_MOVED 7 360559.40625 4813804.5 75. 31
60.210 1 BAT 0 0 0 0 1 147 0 0
60.212 1 DL_VALUE 10 0.
60.300 1 IMU_GYRO 0.02124 -0.003174 -0.037109
60.386 1 NAVIGATION 0 2 0. 0. 0. 0. 0 0
60.413 1 GPS 0 0 0 0 0 0 0 0 0 0 1
60.418 1 NAVIGATION 0 2 0. 0. 0. 0. 0 0
60.420 1 CALIBRATION 0. 0
60.498 1 ATTITUDE -0.036607 -2.839757 -0.13721
60.598 1 ESTIMATOR 0. 0.
60.636 1 NAVIGATION 0 2 0. 0. 0. 0. 0 0
60.655 1 GPS 0 0 0 0 0 0 0 0 0 0 1
60.699 1 WP_MOVED 8 360462.40625 4813640. 30. 31
60.706 1 DOWNLINK_STATUS 47 27182 1211 1 460. 20. 43.82
60.806 1 DESIRED 0. 0. 0. 0. 0. 50. 0.
60.887 1 FBW_STATUS 2 0 1 0 0
60.893 1 NAVIGATION 0 2 0. 0. 0. 0. 0 0
60.909 1 GPS 0 0 0 0 0 0 0 0 0 0 1
60.998 1 ATTITUDE -0.037855 -2.816751 -0.1346
61.104 1 ESTIMATOR 0. 0.
61.105 1 ENERGY 0. 0. 0 0.
61.135 1 NAVIGATION 0 2 0. 0. 0. 0. 0 0
61.154 1 GPS 0 0 0 0 0 0 0 0 0 0 1
61.200 1 WP_MOVED 9 360313.8125 4813652. 0. 31
61.303 1 BAT 0 0 0 0 1 148 0 0
61.306 1 GPS_SOL 0 0 0 0
61.386 1 NAVIGATION 0 2 0. 0. 0. 0. 0 0
61.413 1 GPS 0 0 0 0 0 0 0 0 0 0 1
61.418 1 NAVIGATION 0 2 0. 0. 0. 0. 0 0
61.421 1 IMU_GYRO 0.00415 0.02124 -0.033936
61.499 1 ATTITUDE -0.039745 -2.793911 -0.129966
61.598 1 ESTIMATOR 0. 0.
61.635 1 NAVIGATION 0 2 0. 0. 0. 0. 0 0
61.655 1 GPS 0 0 0 0 0 0 0 0 0 0 1
61.702 1 WP_MOVED 10 360453.8125 4813581. 75. 31
61.704 1 DL_VALUE 0 0.
61.707 1 DOWNLINK_STATUS 48 27682 1233 1 500. 22. 43.82
61.856 1 DESIRED 0. 0. 0. 0. 0. 50. 0.
61.885 1 NAVIGATION 0 2 0. 0. 0. 0. 0 0
61.906 1 GPS 0 0 0 0 0 0 0 0 0 0 1
62.002 1 ATTITUDE -0.039678 -2.770721 -0.131952
62.004 1 DOWNLINK 0 486 3237
62.096 1 ESTIMATOR 0. 0.
62.135 1 NAVIGATION 0 2 0. 0. 0. 0. 0 0
62.153 1 GPS 0 0 0 0 0 0 0 0 0 0 1
62.201 1 WP_MOVED 11 360170.5 4813757.5 75. 31
62.385 1 NAVIGATION 0 2 0. 0. 0. 0. 0 0
62.415 1 GPS 0 0 0 0 0 0 0 0 0 0 1
62.420 1 NAVIGATION 0 2 0. 0. 0. 0. 0 0
62.423 1 BAT 0 0 0 0 1 149 0 0
62.504 1 ATTITUDE -0.040562 -2.747683 -0.131453
62.508 1 IMU_GYRO -0.00415 0.044678 -0.031738
62.510 1 CALIBRATION 0. 0
62.598 1 ESTIMATOR 0. 0.
62.634 1 NAVIGATION 0 2 0. 0. 0. 0. 0 0
62.655 1 GPS 0 0 0 0 0 0 0 0 0 0 1
62.698 1 WP_MOVED 0 360327. 4813637. 75. 31
62.708 1 DOWNLINK_STATUS 49 28142 1253 1 460. 20. 43.82
62.886 1 FBW_STATUS 2 0 1 0 0
62.891 1 NAVIGATION 0 2 0. 0. 0. 0. 0 0
62.912 1 GPS 0 0 0 0 0 0 0 0 0 0 1
62.918 1 DESIRED 0. 0.01 0. 0. 0. 50. 0.
62.982 1 COMMANDS 0,304,2716,0
62.998 1 ATTITUDE -0.041028 -2.72495 -0.131279
63.082 1 ACTUATORS 0,1120,1624,1445,1515,1515
63.099 1 ESTIMATOR 0. 0.
63.135 1 NAVIGATION 0 2 0. 0. 0. 0. 0 0
63.154 1 GPS 0 0 0 0 0 0 0 0 0 0 1
63.202 1 WP_MOVED 1 360285. 4813595. 75. 31
63.204 1 DL_VALUE 1 0.
63.299 1 GPS_SOL 0 0 0 0
63.385 1 NAVIGATION 0 2 0. 0. 0. 0. 0 0
63.410 1 GPS 0 0 0 0 0 0 0 0 0 0 1
63.415 1 NAVIGATION 0 2 0. 0. 0. 0. 0 0
63.503 1 ATTITUDE -0.041481 -2.702159 -0.131832
63.506 1 BAT 0 0 0 0 1 150 0 0
63.605 1 ESTIMATOR 0. 0.
63.608 1 IMU_GYRO 0.001953 0.030762 -0.033936
63.611 1 ENERGY 0. 0. 0 0.
63.636 1 NAVIGATION 0 2 0. 0. 0. 0. 0 0
63.654 1 GPS 0 0 0 0 0 0 0 0 0 0 1
63.704 1 WP_MOVED 2 360334.5 4813695. 75. 31
63.708 1 ALIVE 68,230,201,177,229,211,64,56,73,125,45,2,113,245,219,42
63.709 1 DOWNLINK_STATUS 50 28699 1278 1 557. 25. 43.82
63.797 1 PPRZ_MODE 2 0 0 0 0 6
63.886 1 NAVIGATION 0 2 0. 0. 0. 0. 0 0
63.904 1 GPS 0 0 0 0 0 0 0 0 0 0 1
63.953 1 DESIRED 0. 0.01 0. 0. 0. 50. 0.
64.000 1 ATTITUDE -0.04205 -2.678987 -0.13192
64.001 1 STATE_FILTER_STATUS 3 0
64.096 1 ESTIMATOR 0. 0.
64.137 1 NAVIGATION 0 2 0. 0. 0. 0. 0 0
64.154 1 GPS 0 0 0 0 0 0 0 0 0 0 1
64.201 1 WP_MOVED 3 360295.09375 4813785. 75. 31
64.215 1 PONG 
64.385 1 NAVIGATION 0 2 0. 0. 0. 0. 0 0
64.411 1 GPS 0 0 0 0 0 0 0 0 0 0 1
64.415 1 NAVIGATION 0 2 0. 0. 0. 0. 0 0
64.499 1 ATTITUDE -0.042461 -2.656288 -0.131979
64.604 1 ESTIMATOR 0. 0.
64.607 1 BAT 0 0 0 0 1 151 0 0
64.609 1 CALIBRATION 0. 0
64.635 1 NAVIGATION 0 2 0. 0. 0. 0. 0 0
64.654 1 GPS 0 0 0 0 0 0 0 0 0 0 1
64.707 1 WP_MOVED 4 360417.3125 4813734. 75. 31
64.710 1 IMU_GYRO 0.00415 0.016846 -0.033936
64.710 1 DOWNLINK_STATUS 51 29175 1300 1 476. 22. 36.82
64.712 1 DL_VALUE 2 50.
64.819 1 WIND_INFO 1 42 0. 0. 0.
64.885 1 FBW_STATUS 2 0 1 0 0
64.890 1 NAVIGATION 0 2 0. 0. 0. 0. 0 0
64.904 1 GPS 0 0 0 0 0 0 0 0 0 0 1
65.005 1 ATTITUDE -0.043014 -2.633519 -0.131846
65.011 1 DESIRED 0. 0.01 0. 0. 0. 50. 0.
65.098 1 ESTIMATOR 0. 0.
65.135 1 NAVIGATION 0 2 0. 0. 0. 0. 0 0
65.154 1 GPS 0 0 0 0 0 0 0 0 0 0 1
65.199 1 WP_MOVED 5 360422. 4813583.5 75. 31
65.298 1 GPS_SOL 0 0 0 0
65.386 1 NAVIGATION 0 2 0. 0. 0. 0. 0 0
65.410 1 GPS 0 0 0 0 0 0 0 0 0 0 1
65.415 1 NAVIGATION 0 2 0. 0. 0. 0. 0 0
65.498 1 ATTITUDE -0.04342 -2.610773 -0.132008
65.597 1 ESTIMATOR 0. 0.
65.636 1 NAVIGATION 0 2 0. 0. 0. 0. 0 0
65.654 1 GPS 0 0 0 0 0 0 0 0 0 0 1
65.704 1 WP_MOVED 6 360165.8125 4813664.5 75. 31
65.708 1 BAT 0 0 0 0 1 152 0 0
65.710 1 DOWNLINK_STATUS 52 29637 1320 1 462. 20. 36.82
65.799 1 IMU_GYRO 0. 0.039307 -0.031738
65.884 1 NAVIGATION 0 2 0. 0. 0. 0. 0 0
65.905 1 GPS 0 0 0 0 0 0 0 0 0 0 1
65.998 1 ATTITUDE -0.043743 -2.587998 -0.1324
66.056 1 DESIRED 0. 0.01 0. 0. 0. 50. 0.
66.102 1 ESTIMATOR 0. 0.
66.105 1 ENERGY 0. 0. 0 0.
66.135 1 NAVIGATION 0 2 0. 0. 0. 0. 0 0
66.153 1 GPS 0 0 0 0 0 0 0 0 0 0 1
66.202 1 WP_MOVED 7 360559.40625 4813804.5 75. 31
66.204 1 DL_VALUE 3 0.
66.385 1 NAVIGATION 0 2 0. 0. 0. 0. 0 0
66.409 1 GPS 0 0 0 0 0 0 0 0 0 0 1
66.413 1 NAVIGATION 0 2 0. 0. 0. 0. 0 0
66.498 1 ATTITUDE -0.044118 -2.565304 -0.132
66.597 1 ESTIMATOR 0. 0.
66.635 1 NAVIGATION 0 2 0. 0. 0. 0. 0 0
66.655 1 GPS 0 0 0 0 0 0 0 0 0 0 1
66.703 1 WP_MOVED 8 360462.40625 4813640. 30. 31
66.705 1 CALIBRATION 0. 0
66.711 1 DOWNLINK_STATUS 53 30097 1340 1 460. 20. 36.82
66.800 1 BAT 0 0 0 0 1 153 0 0
66.885 1 FBW_STATUS 2 0 1 0 0
66.890 1 NAVIGATION 0 2 0. 0. 0. 0. 0 0
66.907 1 GPS 0 0 0 0 0 0 0 0 0 0 1
66.911 1 IMU_GYRO 0.001953 0.02002 -0.033936
66.997 1 ATTITUDE -0.044516 -2.542492 -0.132137
67.106 1 ESTIMATOR 0. 0.
67.112 1 DESIRED 0. 0.01 0. 0. 0. 50. 0.
67.114 1 DOWNLINK 0 486 3348
67.133 1 NAVIGATION 0 2 0. 0. 0. 0. 0 0
67.154 1 GPS 0 0 0 0 0 0 0 0 0 0 1
67.203 1 WP_MOVED 9 360313.8125 4813652. 0. 31
67.206 1 NAVIGATION_REF 360285 4813595 31
67.298 1 GPS_SOL 0 0 0 0
67.386 1 NAVIGATION 0 2 0. 0. 0. 0. 0 0
67.410 1 GPS 0 0 0 0 0 0 0 0 0 0 1
67.415 1 NAVIGATION 0 2 0. 0. 0. 0. 0 0
67.497 1 ATTITUDE -0.04476 -2.51966 -0.132369
67.598 1 ESTIMATOR 0. 0.
67.636 1 NAVIGATION 0 2 0. 0. 0. 0. 0 0
67.654 1 GPS 0 0 0 0 0 0 0 0 0 0 1
67.701 1 WP_MOVED 10 360453.8125 4813581. 75. 31
67.703 1 DL_VALUE 4 0.
67.712 1 DOWNLINK_STATUS 54 30603 1363 1 506. 23. 36.82
67.885 1 NAVIGATION 0 2 0. 0. 0. 0. 0 0
67.908 1 GPS 0 0 0 0 0 0 0 0 0 0 1
67.912 1 BAT 0 0 0 0 1 155 0 0
67.981 1 COMMANDS 0,330,2776,0
68.003 1 ATTITUDE -0.04494 -2.496928 -0.133038
68.006 1 IMU_GYRO 0.006348 0.016846 -0.033936
68.082 1 ACTUATORS 0,1120,1626,1446,1517,1517
68.098 1 ESTIMATOR 0. 0.
68.136 1 NAVIGATION 0 2 0. 0. 0. 0. 0 0
68.162 1 GPS 0 0 0 0 0 0 0 0 0 0 1
68.168 1 DESIRED 0. 0.01 0. 0. 0. 50. 0.
68.199 1 WP_MOVED 11 360170.5 4813757.5 75. 31
68.386 1 NAVIGATION 0 2 0. 0. 0. 0. 0 0
68.409 1 GPS 0 0 0 0 0 0 0 0 0 0 1
68.414 1 NAVIGATION 0 2 0. 0. 0. 0. 0 0
68.501 1 ATTITUDE -0.045233 -2.474207 -0.132652
68.602 1 ESTIMATOR 0. 0.
68.605 1 ENERGY 0. 0. 0 0.
68.634 1 NAVIGATION 0 2 0. 0. 0. 0. 0 0
68.656 1 GPS 0 0 0 0 0 0 0 0 0 0 1
68.704 1 WP_MOVED 0 360327. 4813637. 75. 31
68.708 1 ALIVE 68,230,201,177,229,211,64,56,73,125,45,2,113,245,219,42
68.713 1 DOWNLINK_STATUS 55 31118 1385 1 515. 22. 36.82
68.797 1 CALIBRATION 0. 0
68.799 1 PPRZ_MODE 2 0 0 0 0 6
68.885 1 FBW_STATUS 2 0 1 0 0
68.889 1 NAVIGATION 0 2 0. 0. 0. 0. 0 0
68.905 1 GPS 0 0 0 0 0 0 0 0 0 0 1
69.004 1 ATTITUDE -0.045438 -2.451451 -0.132928
69.008 1 BAT 0 0 0 0 1 156 0 0
69.009 1 STATE_FILTER_STATUS 3 0
69.101 1 ESTIMATOR 0. 0.
69.105 1 IMU_GYRO 0.006348 0.011475 -0.034912
69.135 1 NAVIGATION 0 2 0. 0. 0. 0. 0 0
69.154 1 GPS 0 0 0 0 0 0 0 0 0 0 1
69.211 1 WP_MOVED 1 360285. 4813595. 75. 31
69.217 1 DESIRED 0. 0.01 0. 0. 0. 50. 0.
69.219 1 DL_VALUE 5 0.
69.220 1 PONG 
69.298 1 GPS_SOL 0 0 0 0
69.386 1 NAVIGATION 0 2 0. 0. 0. 0. 0 0
69.410 1 GPS 0 0 0 0 0 0 0 0 0 0 1
69.414 1 NAVIGATION 0 2 0. 0. 0. 0. 0 0
69.499 1 ATTITUDE -0.045963 -2.428689 -0.133038
69.598 1 ESTIMATOR 0. 0.
69.636 1 NAVIGATION 0 2 0. 0. 0. 0. 0 0
69.654 1 GPS 0 0 0 0 0 0 0 0 0 0 1
69.698 1 WP_MOVED 2 360334.5 4813695. 75. 31
69.713 1 DOWNLINK_STATUS 56 31636 1410 1 518. 25. 40.83
69.884 1 NAVIGATION 0 2 0. 0. 0. 0. 0 0
69.905 1 GPS 0 0 0 0 0 0 0 0 0 0 1
69.997 1 ATTITUDE -0.046228 -2.405943 -0.132997
70.101 1 ESTIMATOR 0. 0.
70.104 1 BAT 0 0 0 0 1 157 0 0
70.135 1 NAVIGATION 0 2 0. 0. 0. 0. 0 0
70.153 1 GPS 0 0 0 0 0 0 0 0 0 0 1
70.203 1 WP_MOVED 3 360295.09375 4813785. 75. 31
70.206 1 IMU_GYRO 0.006348 0.016846 -0.033936
70.254 1 DESIRED 0. 0.01 0. 0. 0. 50. 0.
70.384 1 NAVIGATION 0 2 0. 0. 0. 0. 0 0
70.410 1 GPS 0 0 0 0 0 0 0 0 0 0 1
70.414 1 NAVIGATION 0 2 0. 0. 0. 0. 0 0
70.499 1 ATTITUDE -0.046301 -2.383119 -0.132617
70.596 1 ESTIMATOR 0. 0.
70.634 1 NAVIGATION 0 2 0. 0. 0. 0. 0 0
70.655 1 GPS 0 0 0 0 0 0 0 0 0 0 1
70.702 1 WP_MOVED 4 360417.3125 4813734. 75. 31
70.704 1 DL_VALUE 6 100.
70.714 1 DOWNLINK_STATUS 57 32085 1429 1 449. 19. 40.83
70.887 1 FBW_STATUS 2 0 1 0 0
70.891 1 NAVIGATION 0 2 0. 0. 0. 0. 0 0
70.906 1 GPS 0 0 0 0 0 0 0 0 0 0 1
70.908 1 CALIBRATION 0. 0
70.997 1 ATTITUDE -0.046499 -2.360332 -0.132955
71.100 1 ESTIMATOR 0. 0.
71.104 1 ENERGY 0. 0. 0 0.
71.135 1 NAVIGATION 0 2 0. 0. 0. 0. 0 0
71.155 1 GPS 0 0 0 0 0 0 0 0 0 0 1
71.234 1 WP_MOVED 5 360422. 4813583.5 75. 31
71.234 1 BAT 0 0 0 0 1 158 0 0
71.312 1 DESIRED 0. 0.01 0. 0. 0. 50. 0.
71.315 1 IMU_GYRO 0.006348 0.019043 -0.032959
71.318 1 GPS_SOL 0 0 0 0
71.386 1 NAVIGATION 0 2 0. 0. 0. 0. 0 0
71.410 1 GPS 0 0 0 0 0 0 0 0 0 0 1
71.414 1 NAVIGATION 0 2 0. 0. 0. 0. 0 0
71.498 1 ATTITUDE -0.046613 -2.337537 -0.132439
71.598 1 ESTIMATOR 0. 0.
71.635 1 NAVIGATION 0 2 0. 0. 0. 0. 0 0
71.653 1 GPS 0 0 0 0 0 0 0 0 0 0 1
71.698 1 WP_MOVED 6 360165.8125 4813664.5 75. 31
71.715 1 DOWNLINK_STATUS 58 32585 1451 1 500. 22. 40.83
71.886 1 NAVIGATION 0 2 0. 0. 0. 0. 0 0
71.904 1 GPS 0 0 0 0 0 0 0 0 0 0 1
71.999 1 ATTITUDE -0.04666 -2.31487 -0.132639
72.097 1 ESTIMATOR 0. 0.
72.135 1 NAVIGATION 0 2 0. 0. 0. 0. 0 0
72.154 1 GPS 0 0 0 0 0 0 0 0 0 0 1
72.203 1 WP_MOVED 7 360559.40625 4813804.5 75. 31
72.205 1 DL_VALUE 7 2.
72.207 1 DOWNLINK 0 488 3459
72.299 1 BAT 0 0 0 0 1 159 0 0
72.355 1 DESIRED 0. 0.01 0. 0. 0. 50. 0.
72.385 1 NAVIGATION 0 2 0. 0. 0. 0. 0 0
72.412 1 GPS 0 0 0 0 0 0 0 0 0 0 1
72.417 1 NAVIGATION 0 2 0. 0. 0. 0. 0 0
72.420 1 IMU_GYRO 0.00415 0.022217 -0.033936
72.497 1 ATTITUDE -0.046648 -2.292153 -0.132749
72.597 1 ESTIMATOR 0. 0.
72.634 1 NAVIGATION 0 2 0. 0. 0. 0. 0 0
72.653 1 GPS 0 0 0 0 0 0 0 0 0 0 1
72.700 1 WP_MOVED 8 360462.40625 4813640. 30. 31
72.716 1 DOWNLINK_STATUS 59 33045 1471 1 460. 20. 40.83
72.885 1 FBW_STATUS 2 0 1 0 0
72.890 1 NAVIGATION 0 2 0. 0. 0. 0. 0 0
72.905 1 GPS 0 0 0 0 0 0 0 0 0 0 1
72.980 1 COMMANDS 0,343,2773,0
73.000 1 ATTITUDE -0.046609 -2.269408 -0.132856
73.002 1 CALIBRATION 0. 0
73.081 1 ACTUATORS 0,1120,1626,1446,1517,1517
73.096 1 ESTIMATOR 0. 0.
73.135 1 NAVIGATION 0 2 0. 0. 0. 0. 0 0
73.156 1 GPS 0 0 0 0 0 0 0 0 0 0 1
73.199 1 WP_MOVED 9 360313.8125 4813652. 0. 31
73.297 1 GPS_SOL 0 0 0 0
73.384 1 NAVIGATION 0 2 0. 0. 0. 0. 0 0
73.420 1 GPS 0 0 0 0 0 0 0 0 0 0 1
73.424 1 NAVIGATION 0 2 0. 0. 0. 0. 0 0
73.434 1 DESIRED 0. 0.01 0. 0. 0. 50. 0.
73.438 1 BAT 0 0 0 0 1 160 0 0
73.502 1 ATTITUDE -0.046564 -2.246647 -0.132961
73.505 1 IMU_GYRO 0.00415 0.023193 -0.032959
73.602 1 ESTIMATOR 0. 0.
73.606 1 ENERGY 0. 0. 0 0.
73.634 1 NAVIGATION 0 2 0. 0. 0. 0. 0 0
73.654 1 GPS 0 0 0 0 0 0 0 0 0 0 1
73.707 1 WP_MOVED 10 360453.8125 4813581. 75. 31
73.708 1 DL_VALUE 8 0.
73.712 1 ALIVE 68,230,201,177,229,211,64,56,73,125,45,2,113,245,219,42
73.717 1 DOWNLINK_STATUS 60 33613 1497 1 568. 26. 40.83
73.795 1 PPRZ_MODE 2 0 0 0 0 6
73.886 1 NAVIGATION 0 2 0. 0. 0. 0. 0 0
73.904 1 GPS 0 0 0 0 0 0 0 0 0 0 1
74.000 1 ATTITUDE -0.046546 -2.223891 -0.132872
74.001 1 STATE_FILTER_STATUS 3 0
74.095 1 ESTIMATOR 0. 0.
74.133 1 NAVIGATION 0 2 0. 0. 0. 0. 0 0
74.154 1 GPS 0 0 0 0 0 0 0 0 0 0 1
74.200 1 WP_MOVED 11 360170.5 4813757.5 75. 31
74.215 1 PONG 
74.384 1 NAVIGATION 0 2 0. 0. 0. 0. 0 0
74.409 1 GPS 0 0 0 0 0 0 0 0 0 0 1
74.413 1 NAVIGATION 0 2 0. 0. 0. 0. 0 0
74.454 1 DESIRED 0. 0.01 0. 0. 0. 50. 0.
74.503 1 ATTITUDE -0.04658 -2.20115 -0.13303
74.506 1 BAT 0 0 0 0 1 161 0 0
74.599 1 ESTIMATOR 0. 0.
74.602 1 IMU_GYRO 0.006348 0.014893 -0.033936
74.635 1 NAVIGATION 0 2 0. 0. 0. 0. 0 0
74.654 1 GPS 0 0 0 0 0 0 0 0 0 0 1
74.697 1 WP_MOVED 0 360327. 4813637. 75. 31
74.717 1 DOWNLINK_STATUS 61 34078 1518 1 465. 21. 34.8
74.819 1 WIND_INFO 1 42 0. 0. 0.
74.885 1 FBW_STATUS 2 0 1 0 0
74.889 1 NAVIGATION 0 2 0. 0. 0. 0. 0 0
74.904 1 GPS 0 0 0 0 0 0 0 0 0 0 1
74.998 1 ATTITUDE -0.046491 -2.178335 -0.133141
75.099 1 ESTIMATOR 0. 0.
75.101 1 CALIBRATION 0. 0
75.135 1 NAVIGATION 0 2 0. 0. 0. 0. 0 0
75.153 1 GPS 0 0 0 0 0 0 0 0 0 0 1
75.202 1 WP_MOVED 1 360285. 4813595. 75. 31
75.204 1 DL_VALUE 9 1.
75.298 1 GPS_SOL 0 0 0 0
75.386 1 NAVIGATION 0 2 0. 0. 0. 0. 0 0
75.408 1 GPS 0 0 0 0 0 0 0 0 0 0 1
75.412 1 NAVIGATION 0 2 0. 0. 0. 0. 0 0
75.505 1 ATTITUDE -0.046283 -2.155602 -0.133226
75.511 1 DESIRED 0. 0.01 0. 0. 0. 50. 0.
75.600 1 ESTIMATOR 0. 0.
75.604 1 BAT 0 0 0 0 1 162 0 0
75.634 1 NAVIGATION 0 2 0. 0. 0. 0. 0 0
75.654 1 GPS 0 0 0 0 0 0 0 0 0 0 1
75.702 1 WP_MOVED 2 360334.5 4813695. 75. 31
75.706 1 IMU_GYRO 0.006348 0.011475 -0.033936
75.718 1 DOWNLINK_STATUS 62 34569 1540 1 491. 22. 34.8
75.886 1 NAVIGATION 0 2 0. 0. 0. 0. 0 0
75.904 1 GPS 0 0 0 0 0 0 0 0 0 0 1
75.996 1 ATTITUDE -0.046138 -2.132842 -0.13343
76.101 1 ESTIMATOR 0. 0.
76.104 1 ENERGY 0. 0. 0 0.
76.135 1 NAVIGATION 0 2 0. 0. 0. 0. 0 0
76.155 1 GPS 0 0 0 0 0 0 0 0 0 0 1
76.201 1 WP_MOVED 3 360295.09375 4813785. 75. 31
76.204 1 NAVIGATION_REF 360285 4813595 31
76.385 1 NAVIGATION 0 2 0. 0. 0. 0. 0 0
76.409 1 GPS 0 0 0 0 0 0 0 0 0 0 1
76.413 1 NAVIGATION 0 2 0. 0. 0. 0. 0 0
76.499 1 ATTITUDE -0.045979 -2.110035 -0.133457
76.555 1 DESIRED 0. 0.01 0. 0. 0. 50. 0.
76.598 1 ESTIMATOR 0. 0.
76.635 1 NAVIGATION 0 2 0. 0. 0. 0. 0 0
76.655 1 GPS 0 0 0 0 0 0 0 0 0 0 1
