10 4 0 -23.0825803212851 174.427710843373 0 30961.3511700562 0 0 
10.01 4 0 -22.9269578313253 174.487951807229 0 30975.4801861205 0 0 
10.02 4 0 -22.7713353413655 174.548192771084 0 30989.6092021847 0 0 
10.03 4 0 -22.6157128514056 174.60843373494 0 31003.738218249 0 0 
10.04 4 0 -22.4600903614458 174.668674698795 0 31017.8672343133 0 0 
10.05 4 0 -22.3044678714859 174.728915662651 0 31031.9962503775 0 0 
10.06 4 0 -22.1488453815261 174.789156626506 0 31046.1252664418 0 0 
10.07 4 0 -21.9932228915663 174.849397590361 0 31060.254282506 0 0 
10.08 4 0 -21.8376004016064 174.909638554217 0 31074.3832985703 0 0 
10.09 4 0 -21.6819779116466 174.969879518072 0 31088.5123146345 0 0 
10.1 4 0 -21.5263554216868 175.030120481928 0 31102.6413306988 0 0 
10.11 4 0 -21.3707329317269 175.090361445783 0 31116.7703467631 0 0 
10.12 4 0 -21.2151104417671 175.150602409639 0 31130.8993628273 0 0 
10.13 4 0 -21.0594879518072 175.210843373494 0 31145.0283788916 0 0 
10.14 4 0 -20.9038654618474 175.271084337349 0 31159.1573949558 0 0 
10.15 4 0 -20.7482429718876 175.331325301205 0 31173.2864110201 0 0 
10.16 4 0 -20.5926204819277 175.39156626506 0 31187.4154270843 0 0 
10.17 4 0 -20.4369979919679 175.451807228916 0 31201.5444431486 0 0 
10.18 4 0 -19.9444444444446 175.611111111111 0 31212.847656 0 0 
10.19 4 0 -18.1041666666668 176.166666666667 0 31212.847656 0 0 
10.2 4 0 -17 176.5 0 31216.7687262833 0 0 
10.21 4 0 -17 176.5 0 31226.5714019914 0 0 
10.22 4 0 -17 176.5 0 31236.3740776996 0 0 
10.23 4 0 -17 176.5 0 31246.1767534077 0 0 
10.24 4 0 -17 176.5 0 31255.9794291159 0 0 
10.25 4 0 -17 176.5 0 31265.782104824 0 0 
10.26 4 0 -17 176.5 0 31275.5847805322 0 0 
10.27 4 0 -17 176.5 0 31285.3874562403 0 0 
10.28 4 0 -17 176.5 0 31295.1901319485 0 0 
10.29 4 0 -17 176.5 0 31304.9928076567 0 0 
10.3 4 0 -17 176.5 0 31314.7954833648 0 0 
10.31 4 0 -17 176.5 0 31324.598159073 0 0 
10.32 4 0 -17 176.5 0 31334.4008347811 0 0 
10.33 4 0 -17 176.5 0 31344.2035104893 0 0 
10.34 4 0 -17 176.5 0 31354.0061861974 0 0 
10.35 4 0 -17 176.5 0 31363.8088619056 0 0 
10.36 4 0 -17 176.5 0 31373.6115376137 0 0 
10.37 4 0 -17 176.5 0 31383.4142133219 0 0 
10.38 4 0 -17 176.5 0 31393.21688903 0 0 
10.39 4 0 -17 176.5 0 31403.0195647382 0 0 
10.4 4 0 -17 176.5 0 31412.8222404464 0 0 
10.41 4 0 -17 176.5 0 31422.6249161545 0 0 
10.42 4 0 -17 176.5 0 31432.4275918627 0 0 
10.43 4 0 -16.9873007968128 176.505976095618 0 31442.9772316972 0 0 
10.44 4 0 -16.8603087649403 176.565737051793 0 31460.2495486693 0 0 
10.45 4 0 -16.7333167330677 176.625498007968 0 31477.5218656414 0 0 
10.46 4 0 -16.6063247011952 176.685258964143 0 31494.7941826135 0 0 
10.47 4 0 -16.4793326693227 176.745019920319 0 31512.0664995857 0 0 
10.48 4 0 -16.3523406374502 176.804780876494 0 31529.3388165578 0 0 
10.49 4 0 -16.2253486055777 176.864541832669 0 31546.6111335299 0 0 
10.5 4 0 -16.0983565737052 176.924302788845 0 31563.883450502 0 0 
10.51 4 0 -15.9713645418327 176.98406374502 0 31581.1557674741 0 0 
10.52 4 0 -15.8443725099602 177.043824701195 0 31598.4280844462 0 0 
10.53 4 0 -15.7173804780877 177.103585657371 0 31615.7004014183 0 0 
10.54 4 0 -15.5903884462152 177.163346613546 0 31632.9727183904 0 0 
10.55 4 0 -15.4633964143426 177.223107569721 0 31650.2450353626 0 0 
10.56 4 0 -15.3364043824701 177.282868525896 0 31667.5173523347 0 0 
10.57 4 0 -15.2094123505976 177.342629482072 0 31684.7896693068 0 0 
10.58 4 0 -15.0824203187251 177.402390438247 0 31702.0619862789 0 0 
10.59 4 0 -14.9554282868526 177.462151394422 0 31719.334303251 0 0 
10.6 4 0 -14.8284362549801 177.521912350598 0 31736.6066202231 0 0 
10.61 4 0 -14.7014442231076 177.581673306773 0 31753.8789371952 0 0 
10.62 4 0 -14.5744521912351 177.641434262948 0 31771.1512541673 0 0 
10.63 4 0 -14.4474601593625 177.701195219124 0 31788.4235711394 0 0 
10.64 4 0 -14.32046812749 177.760956175299 0 31805.6958881116 0 0 
10.65 4 0 -14.1934760956175 177.820717131474 0 31822.9682050837 0 0 
10.66 4 0 -14.066484063745 177.880478087649 0 31840.2405220558 0 0 
10.67 4 0 -13.9394920318725 177.940239043825 0 31857.5128390279 0 0 
10.68 4 0 -13.8125 178 0 31874.785156 0 0 
10.69 4 0 -13.6844879518072 178.060240963855 0 31893.1930061606 0 0 
10.7 4 0 -13.5564759036145 178.120481927711 0 31911.6008563213 0 0 
10.71 4 0 -13.4284638554217 178.180722891566 0 31930.0087064819 0 0 
10.72 4 0 -13.3004518072289 178.240963855422 0 31948.4165566426 0 0 
10.73 4 0 -13.1724397590361 178.301204819277 0 31966.8244068032 0 0 
10.74 4 0 -13.0444277108434 178.361445783133 0 31985.2322569639 0 0 
10.75 4 0 -12.9164156626506 178.421686746988 0 32003.6401071245 0 0 
10.76 4 0 -12.7884036144578 178.481927710843 0 32022.0479572851 0 0 
10.77 4 0 -12.6603915662651 178.542168674699 0 32040.4558074458 0 0 
10.78 4 0 -12.5323795180723 178.602409638554 0 32058.8636576064 0 0 
10.79 4 0 -12.4043674698795 178.66265060241 0 32077.2715077671 0 0 
10.8 4 0 -12.2763554216867 178.722891566265 0 32095.6793579277 0 0 
10.81 4 0 -12.148343373494 178.78313253012 0 32114.0872080884 0 0 
10.82 4 0 -12.0203313253012 178.843373493976 0 32132.495058249 0 0 
10.83 4 0 -11.8923192771084 178.903614457831 0 32150.9029084096 0 0 
10.84 4 0 -11.7643072289157 178.963855421687 0 32169.3107585703 0 0 
10.85 4 0 -11.6362951807229 179.024096385542 0 32187.7186087309 0 0 
10.86 4 0 -11.5082831325301 179.084337349398 0 32206.1264588916 0 0 
10.87 4 0 -11.3802710843374 179.144578313253 0 32224.5343090522 0 0 
10.88 4 0 -11.2522590361446 179.204819277108 0 32242.9421592129 0 0 
10.89 4 0 -11.1242469879518 179.265060240964 0 32261.3500093735 0 0 
10.9 4 0 -10.996234939759 179.325301204819 0 32279.7578595341 0 0 
10.91 4 0 -10.8682228915663 179.385542168675 0 32298.1657096948 0 0 
10.92 4 0 -10.7402108433735 179.44578313253 0 32316.5735598554 0 0 
10.93 4 0 -10.6105 179.508 0 32335.7730625 0 0 
10.94 4 0 -10.4655 179.588 0 32362.0974375 0 0 
10.95 4 0 -10.3205 179.668 0 32388.4218125 0 0 
10.96 4 0 -10.1755 179.748 0 32414.7461875 0 0 
10.97 4 0 -10.0305 179.828 0 32441.0705625 0 0 
10.98 4 0 -9.8855 179.908 0 32467.3949375 0 0 
10.99 4 0 -9.7405 179.988 0 32493.7193125 0 0 
11 4 0 -9.5955 180.068 0 32520.0436875 0 0 
11.01 4 0 -9.45050000000001 180.148 0 32546.3680625 0 0 
11.02 4 0 -9.30550000000001 180.228 0 32572.6924375 0 0 
11.03 4 0 -9.16050000000001 180.308 0 32599.0168125 0 0 
11.04 4 0 -9.01550000000002 180.388 0 32625.3411875 0 0 
11.05 4 0 -8.87049999999999 180.468 0 32651.6655625 0 0 
11.06 4 0 -8.7255 180.548 0 32677.9899375 0 0 
11.07 4 0 -8.5805 180.628 0 32704.3143125 0 0 
11.08 4 0 -8.4355 180.708 0 32730.6386875 0 0 
11.09 4 0 -8.29050000000001 180.788 0 32756.9630625 0 0 
11.1 4 0 -8.14550000000001 180.868 0 32783.2874375 0 0 
11.11 4 0 -8.00050000000001 180.948 0 32809.6118125 0 0 
11.12 4 0 -7.85550000000002 181.028 0 32835.9361875 0 0 
11.13 4 0 -7.71049999999999 181.108 0 32862.2605625 0 0 
11.14 4 0 -7.5655 181.188 0 32888.5849375 0 0 
11.15 4 0 -7.4205 181.268 0 32914.9093125 0 0 
11.16 4 0 -7.2755 181.348 0 32941.2336875 0 0 
11.17 4 0 -7.1305 181.428 0 32967.5580625 0 0 
11.18 4 0 -7 181.5 0 32991.25 0 0 
11.19 4 0 -7 181.5 0 32991.25 0 0 
11.2 4 0 -6.94827586206897 181.534482758621 0 33003.2672413793 0 0 
11.21 4 0 -6.81896551724137 181.620689655172 0 33033.3103448276 0 0 
11.22 4 0 -6.68965517241378 181.706896551724 0 33063.3534482759 0 0 
11.23 4 0 -6.5603448275862 181.793103448276 0 33093.3965517241 0 0 
11.24 4 0 -6.43103448275862 181.879310344828 0 33123.4396551724 0 0 
11.25 4 0 -6.30172413793103 181.965517241379 0 33153.4827586207 0 0 
11.26 4 0 -6.17241379310345 182.051724137931 0 33183.525862069 0 0 
11.27 4 0 -6.04310344827587 182.137931034483 0 33213.5689655172 0 0 
11.28 4 0 -5.91379310344829 182.224137931034 0 33243.6120689655 0 0 
11.29 4 0 -5.7844827586207 182.310344827586 0 33273.6551724138 0 0 
11.3 4 0 -5.6551724137931 182.396551724138 0 33303.6982758621 0 0 
11.31 4 0 -5.52586206896551 182.48275862069 0 33333.7413793103 0 0 
11.32 4 0 -5.39655172413793 182.568965517241 0 33363.7844827586 0 0 
11.33 4 0 -5.26724137931035 182.655172413793 0 33393.8275862069 0 0 
11.34 4 0 -5.13793103448277 182.741379310345 0 33423.8706896552 0 0 
11.35 4 0 -5.00862068965518 182.827586206897 0 33453.9137931034 0 0 
11.36 4 0 -4.8793103448276 182.913793103448 0 33483.9568965517 0 0 
11.37 4 0 -4.75000000000002 183 0 33514 0 0 
11.38 4 0 -4.62068965517241 183.086206896552 0 33544.0431034483 0 0 
11.39 4 0 -4.49137931034483 183.172413793103 0 33574.0862068966 0 0 
11.4 4 0 -4.36206896551725 183.258620689655 0 33604.1293103448 0 0 
11.41 4 0 -4.23275862068966 183.344827586207 0 33634.1724137931 0 0 
11.42 4 0 -4.10344827586208 183.431034482759 0 33664.2155172414 0 0 
11.43 4 0 -3.97619047619049 183.515873015873 0 33693.9880952381 0 0 
11.44 4 0 -3.85714285714287 183.595238095238 0 33722.6785714286 0 0 
11.45 4 0 -3.73809523809526 183.674603174603 0 33751.369047619 0 0 
11.46 4 0 -3.61904761904762 183.753968253968 0 33780.0595238095 0 0 
11.47 4 0 -3.5 183.833333333333 0 33808.75 0 0 
11.48 4 0 -3.38095238095238 183.912698412698 0 33837.4404761905 0 0 
11.49 4 0 -3.26190476190477 183.992063492063 0 33866.130952381 0 0 
11.5 4 0 -3.14285714285715 184.071428571429 0 33894.8214285714 0 0 
11.51 4 0 -3.02380952380953 184.150793650794 0 33923.5119047619 0 0 
11.52 4 0 -2.90476190476191 184.230158730159 0 33952.2023809524 0 0 
11.53 4 0 -2.7857142857143 184.309523809524 0 33980.8928571429 0 0 
11.54 4 0 -2.66666666666668 184.388888888889 0 34009.5833333333 0 0 
11.55 4 0 -2.54761904761904 184.468253968254 0 34038.2738095238 0 0 
11.56 4 0 -2.42857142857143 184.547619047619 0 34066.9642857143 0 0 
11.57 4 0 -2.30952380952381 184.626984126984 0 34095.6547619048 0 0 
11.58 4 0 -2.19047619047619 184.706349206349 0 34124.3452380952 0 0 
11.59 4 0 -2.07142857142857 184.785714285714 0 34153.0357142857 0 0 
11.6 4 0 -1.95238095238096 184.865079365079 0 34181.7261904762 0 0 
11.61 4 0 -1.83333333333334 184.944444444444 0 34210.4166666667 0 0 
11.62 4 0 -1.71428571428572 185.02380952381 0 34239.1071428571 0 0 
11.63 4 0 -1.59523809523809 185.103174603175 0 34267.7976190476 0 0 
11.64 4 0 -1.47619047619047 185.18253968254 0 34296.4880952381 0 0 
11.65 4 0 -1.35714285714285 185.261904761905 0 34325.1785714286 0 0 
11.66 4 0 -1.23809523809523 185.34126984127 0 34353.869047619 0 0 
11.67 4 0 -1.11904761904762 185.420634920635 0 34382.5595238095 0 0 
11.68 4 0 -1 185.5 0 34411.25 0 0 
11.69 4 0 -0.879518072289159 185.580321285141 0 34441.3303212851 0 0 
11.7 4 0 -0.759036144578319 185.660642570281 0 34471.4106425703 0 0 
11.71 4 0 -0.638554216867457 185.740963855422 0 34501.4909638554 0 0 
11.72 4 0 -0.518072289156617 185.821285140562 0 34531.5712851406 0 0 
11.73 4 0 -0.397590361445776 185.901606425703 0 34561.6516064257 0 0 
11.74 4 0 -0.277108433734935 185.981927710843 0 34591.7319277108 0 0 
11.75 4 0 -0.156626506024095 186.062248995984 0 34621.812248996 0 0 
11.76 4 0 -0.0361445783132544 186.142570281125 0 34651.8925702811 0 0 
11.77 4 0 0.0843373493975863 186.222891566265 0 34681.9728915663 0 0 
11.78 4 0 0.204819277108427 186.303212851406 0 34712.0532128514 0 0 
11.79 4 0 0.325301204819267 186.383534136546 0 34742.1335341365 0 0 
11.8 4 0 0.445783132530129 186.463855421687 0 34772.2138554217 0 0 
11.81 4 0 0.56626506024097 186.544176706827 0 34802.2941767068 0 0 
11.82 4 0 0.68674698795181 186.624497991968 0 34832.374497992 0 0 
11.83 4 0 0.807228915662651 186.704819277108 0 34862.4548192771 0 0 
11.84 4 0 0.927710843373491 186.785140562249 0 34892.5351405623 0 0 
11.85 4 0 1.04819277108433 186.86546184739 0 34922.6154618474 0 0 
11.86 4 0 1.16867469879517 186.94578313253 0 34952.6957831325 0 0 
11.87 4 0 1.28915662650601 187.026104417671 0 34982.7761044177 0 0 
11.88 4 0 1.40963855421687 187.106425702811 0 35012.8564257028 0 0 
11.89 4 0 1.53012048192772 187.186746987952 0 35042.936746988 0 0 
11.9 4 0 1.65060240963856 187.267068273092 0 35073.0170682731 0 0 
11.91 4 0 1.7710843373494 187.347389558233 0 35103.0973895582 0 0 
11.92 4 0 1.89156626506024 187.427710843373 0 35133.1777108434 0 0 
11.93 4 0 2.01380522088353 187.508032128514 0 35163.3807887791 0 0 
11.94 4 0 2.15185742971886 187.588353413655 0 35194.6886765703 0 0 
11.95 4 0 2.2899096385542 187.668674698795 0 35225.9965643614 0 0 
11.96 4 0 2.42796184738957 187.748995983936 0 35257.3044521526 0 0 
11.97 4 0 2.5660140562249 187.829317269076 0 35288.6123399438 0 0 
11.98 4 0 2.70406626506024 187.909638554217 0 35319.9202277349 0 0 
11.99 4 0 2.84211847389558 187.989959839357 0 35351.2281155261 0 0 
12 4 0 2.98017068273092 188.070281124498 0 35382.5360033173 0 0 
12.01 4 0 3.11822289156626 188.150602409639 0 35413.8438911084 0 0 
12.02 4 0 3.25627510040159 188.230923694779 0 35445.1517788996 0 0 
12.03 4 0 3.39432730923693 188.31124497992 0 35476.4596666908 0 0 
12.04 4 0 3.53237951807227 188.39156626506 0 35507.7675544819 0 0 
12.05 4 0 3.67043172690763 188.471887550201 0 35539.0754422731 0 0 
12.06 4 0 3.80848393574297 188.552208835341 0 35570.3833300643 0 0 
12.07 4 0 3.94653614457831 188.632530120482 0 35601.6912178554 0 0 
12.08 4 0 4.08458835341365 188.712851405622 0 35632.9991056466 0 0 
12.09 4 0 4.22264056224899 188.793172690763 0 35664.3069934377 0 0 
12.1 4 0 4.36069277108432 188.873493975904 0 35695.6148812289 0 0 
12.11 4 0 4.49874497991966 188.953815261044 0 35726.9227690201 0 0 
12.12 4 0 4.636797188755 189.034136546185 0 35758.2306568112 0 0 
12.13 4 0 4.77484939759036 189.114457831325 0 35789.5385446024 0 0 
12.14 4 0 4.9129016064257 189.194779116466 0 35820.8464323936 0 0 
12.15 4 0 5.05095381526104 189.275100401606 0 35852.1543201847 0 0 
12.16 4 0 5.18900602409638 189.355421686747 0 35883.4622079759 0 0 
12.17 4 0 5.32705823293171 189.435742971888 0 35914.7700957671 0 0 
12.18 4 0 5.4375 189.5 0 35939.816406 0 0 
12.19 4 0 5.4375 189.5 0 35939.816406 0 0 
12.2 4 0 5.48846566523605 189.534334763948 0 35953.6034902232 0 0 
12.21 4 0 5.61587982832619 189.62017167382 0 35988.0712007811 0 0 
12.22 4 0 5.74329399141632 189.706008583691 0 36022.5389113391 0 0 
12.23 4 0 5.87070815450645 189.791845493562 0 36057.006621897 0 0 
12.24 4 0 5.99812231759657 189.877682403433 0 36091.4743324549 0 0 
12.25 4 0 6.1255364806867 189.963519313305 0 36125.9420430129 0 0 
12.26 4 0 6.25295064377682 190.049356223176 0 36160.4097535708 0 0 
12.27 4 0 6.38036480686695 190.135193133047 0 36194.8774641288 0 0 
12.28 4 0 6.50777896995707 190.221030042918 0 36229.3451746867 0 0 
12.29 4 0 6.6351931330472 190.30686695279 0 36263.8128852446 0 0 
12.3 4 0 6.76260729613735 190.392703862661 0 36298.2805958026 0 0 
12.31 4 0 6.89002145922747 190.478540772532 0 36332.7483063605 0 0 
12.32 4 0 7.0174356223176 190.564377682403 0 36367.2160169185 0 0 
12.33 4 0 7.14484978540773 190.650214592275 0 36401.6837274764 0 0 
12.34 4 0 7.27226394849785 190.736051502146 0 36436.1514380343 0 0 
12.35 4 0 7.39967811158798 190.821888412017 0 36470.6191485923 0 0 
12.36 4 0 7.5270922746781 190.907725321888 0 36505.0868591502 0 0 
12.37 4 0 7.65450643776823 190.99356223176 0 36539.5545697082 0 0 
12.38 4 0 7.78192060085838 191.079399141631 0 36574.0222802661 0 0 
12.39 4 0 7.9093347639485 191.165236051502 0 36608.489990824 0 0 
12.4 4 0 8.03674892703863 191.251072961373 0 36642.957701382 0 0 
12.41 4 0 8.16416309012875 191.336909871245 0 36677.4254119399 0 0 
12.42 4 0 8.29157725321888 191.422746781116 0 36711.8931224979 0 0 
12.43 4 0 8.41832669322709 191.50796812749 0 36746.2214418566 0 0 
12.44 4 0 8.539093625498 191.58764940239 0 36779.2952404223 0 0 
12.45 4 0 8.65986055776891 191.667330677291 0 36812.3690389881 0 0 
12.46 4 0 8.78062749003985 191.747011952191 0 36845.4428375538 0 0 
12.47 4 0 8.90139442231076 191.826693227092 0 36878.5166361195 0 0 
12.48 4 0 9.02216135458168 191.906374501992 0 36911.5904346853 0 0 
12.49 4 0 9.14292828685259 191.986055776892 0 36944.664233251 0 0 
12.5 4 0 9.26369521912351 192.065737051793 0 36977.7380318167 0 0 
12.51 4 0 9.38446215139442 192.145418326693 0 37010.8118303825 0 0 
12.52 4 0 9.50522908366533 192.225099601594 0 37043.8856289482 0 0 
12.53 4 0 9.62599601593625 192.304780876494 0 37076.9594275139 0 0 
12.54 4 0 9.74676294820716 192.384462151394 0 37110.0332260797 0 0 
12.55 4 0 9.8675298804781 192.464143426295 0 37143.1070246454 0 0 
12.56 4 0 9.98829681274901 192.543824701195 0 37176.1808232112 0 0 
12.57 4 0 10.1090637450199 192.623505976096 0 37209.2546217769 0 0 
12.58 4 0 10.2298306772908 192.703187250996 0 37242.3284203426 0 0 
12.59 4 0 10.3505976095618 192.782868525896 0 37275.4022189084 0 0 
12.6 4 0 10.4713645418327 192.862549800797 0 37308.4760174741 0 0 
12.61 4 0 10.5921314741036 192.942231075697 0 37341.5498160398 0 0 
12.62 4 0 10.7128984063745 193.021912350598 0 37374.6236146056 0 0 
12.63 4 0 10.8336653386454 193.101593625498 0 37407.6974131713 0 0 
12.64 4 0 10.9544322709163 193.181274900398 0 37440.7712117371 0 0 
12.65 4 0 11.0751992031873 193.260956175299 0 37473.8450103028 0 0 
12.66 4 0 11.1959661354582 193.340637450199 0 37506.9188088685 0 0 
12.67 4 0 11.3167330677291 193.4203187251 0 37539.9926074343 0 0 
12.68 4 0 11.4375 193.5 0 37573.066406 0 0 
12.69 4 0 11.5592369477912 193.54016064257 0 37591.8024439116 0 0 
12.7 4 0 11.6809738955823 193.580321285141 0 37610.5384818233 0 0 
12.71 4 0 11.8027108433735 193.620481927711 0 37629.2745197349 0 0 
12.72 4 0 11.9244477911647 193.660642570281 0 37648.0105576466 0 0 
12.73 4 0 12.0461847389558 193.700803212851 0 37666.7465955582 0 0 
12.74 4 0 12.167921686747 193.740963855422 0 37685.4826334699 0 0 
12.75 4 0 12.2896586345382 193.781124497992 0 37704.2186713815 0 0 
12.76 4 0 12.4113955823293 193.821285140562 0 37722.9547092932 0 0 
12.77 4 0 12.5331325301205 193.861445783133 0 37741.6907472048 0 0 
12.78 4 0 12.6548694779116 193.901606425703 0 37760.4267851165 0 0 
12.79 4 0 12.7766064257028 193.941767068273 0 37779.1628230281 0 0 
12.8 4 0 12.898343373494 193.981927710843 0 37797.8988609398 0 0 
12.81 4 0 13.0200803212851 194.022088353414 0 37816.6348988514 0 0 
12.82 4 0 13.1418172690763 194.062248995984 0 37835.3709367631 0 0 
12.83 4 0 13.2635542168675 194.102409638554 0 37854.1069746747 0 0 
12.84 4 0 13.3852911646586 194.142570281125 0 37872.8430125863 0 0 
12.85 4 0 13.5070281124498 194.182730923695 0 37891.579050498 0 0 
12.86 4 0 13.628765060241 194.222891566265 0 37910.3150884096 0 0 
12.87 4 0 13.7505020080321 194.263052208835 0 37929.0511263213 0 0 
12.88 4 0 13.8722389558233 194.303212851406 0 37947.7871642329 0 0 
12.89 4 0 13.9939759036145 194.343373493976 0 37966.5232021446 0 0 
12.9 4 0 14.1157128514056 194.383534136546 0 37985.2592400562 0 0 
12.91 4 0 14.2374497991968 194.423694779116 0 38003.9952779679 0 0 
12.92 4 0 14.3591867469879 194.463855421687 0 38022.7313158795 0 0 
12.93 4 0 14.4836847389558 194.508032128514 0 38043.222028739 0 0 
12.94 4 0 14.633032128514 194.588353413655 0 38079.5048161285 0 0 
12.95 4 0 14.7823795180723 194.668674698795 0 38115.7876035181 0 0 
12.96 4 0 14.9317269076305 194.748995983936 0 38152.0703909076 0 0 
12.97 4 0 15.0810742971888 194.829317269076 0 38188.3531782972 0 0 
12.98 4 0 15.230421686747 194.909638554217 0 38224.6359656868 0 0 
12.99 4 0 15.3797690763052 194.989959839357 0 38260.9187530763 0 0 
13 4 0 15.5291164658634 195.070281124498 0 38297.2015404659 0 0 
13.01 4 0 15.6784638554217 195.150602409639 0 38333.4843278554 0 0 
13.02 4 0 15.8278112449799 195.230923694779 0 38369.767115245 0 0 
13.03 4 0 15.9771586345381 195.31124497992 0 38406.0499026345 0 0 
13.04 4 0 16.1265060240964 195.39156626506 0 38442.3326900241 0 0 
13.05 4 0 16.2758534136546 195.471887550201 0 38478.6154774137 0 0 
13.06 4 0 16.4252008032128 195.552208835341 0 38514.8982648032 0 0 
13.07 4 0 16.5745481927711 195.632530120482 0 38551.1810521928 0 0 
13.08 4 0 16.7238955823293 195.712851405622 0 38587.4638395823 0 0 
13.09 4 0 16.8732429718875 195.793172690763 0 38623.7466269719 0 0 
13.1 4 0 17.0225903614458 195.873493975904 0 38660.0294143614 0 0 
13.11 4 0 17.171937751004 195.953815261044 0 38696.312201751 0 0 
13.12 4 0 17.3212851405622 196.034136546185 0 38732.5949891406 0 0 
13.13 4 0 17.4706325301205 196.114457831325 0 38768.8777765301 0 0 
13.14 4 0 17.6199799196787 196.194779116466 0 38805.1605639197 0 0 
13.15 4 0 17.7693273092369 196.275100401606 0 38841.4433513092 0 0 
13.16 4 0 17.9186746987952 196.355421686747 0 38877.7261386988 0 0 
13.17 4 0 18.0680220883534 196.435742971888 0 38914.0089260883 0 0 
13.18 4 0 18.1875 196.5 0 38943.035156 0 0 
13.19 4 0 18.1875 196.5 0 38943.035156 0 0 
13.2 4 0 18.255608974359 196.521367521368 0 38954.1485207222 0 0 
13.21 4 0 18.3918269230769 196.564102564103 0 38976.3752501667 0 0 
13.22 4 0 18.5280448717949 196.606837606838 0 38998.6019796111 0 0 
13.23 4 0 18.6642628205128 196.649572649573 0 39020.8287090556 0 0 
13.24 4 0 18.8004807692308 196.692307692308 0 39043.0554385 0 0 
13.25 4 0 18.9366987179487 196.735042735043 0 39065.2821679444 0 0 
13.26 4 0 19.0729166666667 196.777777777778 0 39087.5088973889 0 0 
13.27 4 0 19.2091346153846 196.820512820513 0 39109.7356268333 0 0 
13.28 4 0 19.3453525641026 196.863247863248 0 39131.9623562778 0 0 
13.29 4 0 19.4815705128205 196.905982905983 0 39154.1890857222 0 0 
13.3 4 0 19.6177884615385 196.948717948718 0 39176.4158151667 0 0 
13.31 4 0 19.7540064102564 196.991452991453 0 39198.6425446111 0 0 
13.32 4 0 19.8902243589744 197.034188034188 0 39220.8692740556 0 0 
13.33 4 0 20.0264423076923 197.076923076923 0 39243.0960035 0 0 
13.34 4 0 20.1626602564103 197.119658119658 0 39265.3227329444 0 0 
13.35 4 0 20.2988782051282 197.162393162393 0 39287.5494623889 0 0 
13.36 4 0 20.4350961538461 197.205128205128 0 39309.7761918333 0 0 
13.37 4 0 20.5713141025641 197.247863247863 0 39332.0029212778 0 0 
13.38 4 0 20.7075320512821 197.290598290598 0 39354.2296507222 0 0 
13.39 4 0 20.84375 197.333333333333 0 39376.4563801667 0 0 
13.4 4 0 20.9799679487179 197.376068376068 0 39398.6831096111 0 0 
13.41 4 0 21.1161858974359 197.418803418803 0 39420.9098390556 0 0 
13.42 4 0 21.2524038461538 197.461538461538 0 39443.1365685 0 0 
13.43 4 0 21.3884287148594 197.506024096386 0 39466.1481551205 0 0 
13.44 4 0 21.5227158634538 197.566265060241 0 39496.2234563253 0 0 
13.45 4 0 21.6570030120482 197.626506024096 0 39526.2987575301 0 0 
13.46 4 0 21.7912901606426 197.686746987952 0 39556.3740587349 0 0 
13.47 4 0 21.925577309237 197.746987951807 0 39586.4493599398 0 0 
13.48 4 0 22.0598644578313 197.807228915663 0 39616.5246611446 0 0 
13.49 4 0 22.1941516064257 197.867469879518 0 39646.5999623494 0 0 
13.5 4 0 22.3284387550201 197.927710843373 0 39676.6752635542 0 0 
13.51 4 0 22.4627259036144 197.987951807229 0 39706.750564759 0 0 
13.52 4 0 22.5970130522088 198.048192771084 0 39736.8258659639 0 0 
13.53 4 0 22.7313002008032 198.10843373494 0 39766.9011671687 0 0 
13.54 4 0 22.8655873493976 198.168674698795 0 39796.9764683735 0 0 
13.55 4 0 22.999874497992 198.228915662651 0 39827.0517695783 0 0 
13.56 4 0 23.1341616465863 198.289156626506 0 39857.1270707831 0 0 
13.57 4 0 23.2684487951807 198.349397590361 0 39887.202371988 0 0 
13.58 4 0 23.4027359437751 198.409638554217 0 39917.2776731928 0 0 
13.59 4 0 23.5370230923695 198.469879518072 0 39947.3529743976 0 0 
13.6 4 0 23.6713102409638 198.530120481928 0 39977.4282756024 0 0 
13.61 4 0 23.8055973895582 198.590361445783 0 40007.5035768072 0 0 
13.62 4 0 23.9398845381526 198.650602409639 0 40037.578878012 0 0 
13.63 4 0 24.074171686747 198.710843373494 0 40067.6541792169 0 0 
13.64 4 0 24.2084588353414 198.771084337349 0 40097.7294804217 0 0 
13.65 4 0 24.3427459839357 198.831325301205 0 40127.8047816265 0 0 
13.66 4 0 24.4770331325301 198.89156626506 0 40157.8800828313 0 0 
13.67 4 0 24.6113202811245 198.951807228916 0 40187.9553840361 0 0 
13.68 4 0 24.7458914342629 199.00796812749 0 40216.6291708167 0 0 
13.69 4 0 24.8815986055777 199.04780876494 0 40239.6968999004 0 0 
13.7 4 0 25.0173057768924 199.08764940239 0 40262.7646289841 0 0 
13.71 4 0 25.1530129482072 199.127490039841 0 40285.8323580677 0 0 
13.72 4 0 25.2887201195219 199.167330677291 0 40308.9000871514 0 0 
13.73 4 0 25.4244272908367 199.207171314741 0 40331.9678162351 0 0 
13.74 4 0 25.5601344621514 199.247011952191 0 40355.0355453187 0 0 
13.75 4 0 25.6958416334661 199.286852589641 0 40378.1032744024 0 0 
13.76 4 0 25.8315488047809 199.326693227092 0 40401.1710034861 0 0 
13.77 4 0 25.9672559760956 199.366533864542 0 40424.2387325697 0 0 
13.78 4 0 26.1029631474103 199.406374501992 0 40447.3064616534 0 0 
13.79 4 0 26.2386703187251 199.446215139442 0 40470.3741907371 0 0 
13.8 4 0 26.3743774900398 199.486055776892 0 40493.4419198207 0 0 
13.81 4 0 26.5100846613546 199.525896414343 0 40516.5096489044 0 0 
13.82 4 0 26.6457918326693 199.565737051793 0 40539.577377988 0 0 
13.83 4 0 26.7814990039841 199.605577689243 0 40562.6451070717 0 0 
13.84 4 0 26.9172061752988 199.645418326693 0 40585.7128361554 0 0 
13.85 4 0 27.0529133466135 199.685258964143 0 40608.780565239 0 0 
13.86 4 0 27.1886205179283 199.725099601594 0 40631.8482943227 0 0 
13.87 4 0 27.324327689243 199.764940239044 0 40654.9160234064 0 0 
13.88 4 0 27.4600348605578 199.804780876494 0 40677.98375249 0 0 
13.89 4 0 27.5957420318725 199.844621513944 0 40701.0514815737 0 0 
13.9 4 0 27.7314492031873 199.884462151394 0 40724.1192106574 0 0 
13.91 4 0 27.867156374502 199.924302788845 0 40747.186939741 0 0 
13.92 4 0 28.0028635458167 199.964143426295 0 40770.2546688247 0 0 
13.93 4 0 28.141125 200.002 0 40792.788656252 0 0 
13.94 4 0 28.302375 200.022 0 40810.518968772 0 0 
13.95 4 0 28.463625 200.042 0 40828.249281292 0 0 
13.96 4 0 28.624875 200.062 0 40845.979593812 0 0 
13.97 4 0 28.786125 200.082 0 40863.709906332 0 0 
13.98 4 0 28.947375 200.102 0 40881.440218852 0 0 
13.99 4 0 29.108625 200.122 0 40899.170531372 0 0 
14 4 0 29.269875 200.142 0 40916.900843892 0 0 
14.01 4 0 29.431125 200.162 0 40934.631156412 0 0 
14.02 4 0 29.592375 200.182 0 40952.361468932 0 0 
14.03 4 0 29.753625 200.202 0 40970.091781452 0 0 
14.04 4 0 29.914875 200.222 0 40987.822093972 0 0 
14.05 4 0 30.076125 200.242 0 41005.552406492 0 0 
14.06 4 0 30.237375 200.262 0 41023.282719012 0 0 
14.07 4 0 30.398625 200.282 0 41041.013031532 0 0 
14.08 4 0 30.559875 200.302 0 41058.743344052 0 0 
14.09 4 0 30.721125 200.322 0 41076.473656572 0 0 
14.1 4 0 30.882375 200.342 0 41094.203969092 0 0 
14.11 4 0 31.043625 200.362 0 41111.934281612 0 0 
14.12 4 0 31.204875 200.382 0 41129.664594132 0 0 
14.13 4 0 31.366125 200.402 0 41147.394906652 0 0 
14.14 4 0 31.527375 200.422 0 41165.125219172 0 0 
14.15 4 0 31.688625 200.442 0 41182.855531692 0 0 
14.16 4 0 31.849875 200.462 0 41200.585844212 0 0 
14.17 4 0 32.011125 200.482 0 41218.316156732 0 0 
14.18 4 0 32.15625 200.5 0 41234.273438 0 0 
14.19 4 0 32.15625 200.5 0 41234.273438 0 0 
14.2 4 0 32.2160560344828 200.508620689655 0 41241.7883895 0 0 
14.21 4 0 32.3655711206897 200.530172413793 0 41260.57576825 0 0 
14.22 4 0 32.5150862068966 200.551724137931 0 41279.363147 0 0 
14.23 4 0 32.6646012931035 200.573275862069 0 41298.15052575 0 0 
14.24 4 0 32.8141163793103 200.594827586207 0 41316.9379045 0 0 
14.25 4 0 32.9636314655172 200.616379310345 0 41335.72528325 0 0 
14.26 4 0 33.1131465517241 200.637931034483 0 41354.512662 0 0 
14.27 4 0 33.262661637931 200.659482758621 0 41373.30004075 0 0 
14.28 4 0 33.4121767241379 200.681034482759 0 41392.0874195 0 0 
14.29 4 0 33.5616918103448 200.702586206897 0 41410.87479825 0 0 
14.3 4 0 33.7112068965517 200.724137931034 0 41429.662177 0 0 
14.31 4 0 33.8607219827586 200.745689655172 0 41448.44955575 0 0 
14.32 4 0 34.0102370689655 200.76724137931 0 41467.2369345 0 0 
14.33 4 0 34.1597521551724 200.788793103448 0 41486.02431325 0 0 
14.34 4 0 34.3092672413793 200.810344827586 0 41504.811692 0 0 
14.35 4 0 34.4587823275862 200.831896551724 0 41523.59907075 0 0 
14.36 4 0 34.6082974137931 200.853448275862 0 41542.3864495 0 0 
14.37 4 0 34.7578125 200.875 0 41561.17382825 0 0 
14.38 4 0 34.9073275862069 200.896551724138 0 41579.961207 0 0 
14.39 4 0 35.0568426724138 200.918103448276 0 41598.74858575 0 0 
14.4 4 0 35.2063577586207 200.939655172414 0 41617.5359645 0 0 
14.41 4 0 35.3558728448276 200.961206896552 0 41636.32334325 0 0 
14.42 4 0 35.5053879310345 200.98275862069 0 41655.110722 0 0 
14.43 4 0 35.6535 201 0 41672.272781248 0 0 
14.44 4 0 35.796 201 0 41682.933562488 0 0 
14.45 4 0 35.9385 201 0 41693.594343728 0 0 
14.46 4 0 36.081 201 0 41704.255124968 0 0 
14.47 4 0 36.2235 201 0 41714.915906208 0 0 
14.48 4 0 36.366 201 0 41725.576687448 0 0 
14.49 4 0 36.5085 201 0 41736.237468688 0 0 
14.5 4 0 36.651 201 0 41746.898249928 0 0 
14.51 4 0 36.7935 201 0 41757.559031168 0 0 
14.52 4 0 36.936 201 0 41768.219812408 0 0 
14.53 4 0 37.0785 201 0 41778.880593648 0 0 
14.54 4 0 37.221 201 0 41789.541374888 0 0 
14.55 4 0 37.3635 201 0 41800.202156128 0 0 
14.56 4 0 37.506 201 0 41810.862937368 0 0 
14.57 4 0 37.6485 201 0 41821.523718608 0 0 
14.58 4 0 37.791 201 0 41832.184499848 0 0 
14.59 4 0 37.9335 201 0 41842.845281088 0 0 
14.6 4 0 38.076 201 0 41853.506062328 0 0 
14.61 4 0 38.2185 201 0 41864.166843568 0 0 
14.62 4 0 38.361 201 0 41874.827624808 0 0 
14.63 4 0 38.5035 201 0 41885.488406048 0 0 
14.64 4 0 38.646 201 0 41896.149187288 0 0 
14.65 4 0 38.7885 201 0 41906.809968528 0 0 
14.66 4 0 38.931 201 0 41917.470749768 0 0 
14.67 4 0 39.0735 201 0 41928.131531008 0 0 
14.68 4 0 39.2152777777778 201 0 41938.9344615556 0 0 
14.69 4 0 39.3541666666667 201 0 41950.3059893333 0 0 
14.7 4 0 39.4930555555555 201 0 41961.6775171111 0 0 
14.71 4 0 39.6319444444445 201 0 41973.0490448889 0 0 
14.72 4 0 39.7708333333333 201 0 41984.4205726667 0 0 
14.73 4 0 39.9097222222222 201 0 41995.7921004444 0 0 
14.74 4 0 40.0486111111111 201 0 42007.1636282222 0 0 
14.75 4 0 40.1875 201 0 42018.535156 0 0 
14.76 4 0 40.3263888888889 201 0 42029.9066837778 0 0 
14.77 4 0 40.4652777777778 201 0 42041.2782115556 0 0 
14.78 4 0 40.6041666666667 201 0 42052.6497393333 0 0 
14.79 4 0 40.7430555555555 201 0 42064.0212671111 0 0 
14.8 4 0 40.8819444444445 201 0 42075.3927948889 0 0 
14.81 4 0 41.0208333333333 201 0 42086.7643226667 0 0 
14.82 4 0 41.1597222222222 201 0 42098.1358504444 0 0 
14.83 4 0 41.2986111111111 201 0 42109.5073782222 0 0 
14.84 4 0 41.4375 201 0 42120.878906 0 0 
14.85 4 0 41.5763888888889 201 0 42132.2504337778 0 0 
14.86 4 0 41.7152777777778 201 0 42143.6219615556 0 0 
14.87 4 0 41.8541666666667 201 0 42154.9934893333 0 0 
14.88 4 0 41.9930555555556 201 0 42166.3650171111 0 0 
14.89 4 0 42.1319444444445 201 0 42177.7365448889 0 0 
14.9 4 0 42.2708333333333 201 0 42189.1080726667 0 0 
14.91 4 0 42.4097222222222 201 0 42200.4796004444 0 0 
14.92 4 0 42.5486111111111 201 0 42211.8511282222 0 0 
14.93 4 0 42.6875 201 0 42223.222656 0 0 
